# Refractive index of functionalized TiO2 (dodecylphosphonic acid + hexylamine)
# Generated by shifting the TiO2 refractive index spectrum so that n = 1.900 at 585.0 nm.
# Column 1: Wavelength (nm)
# Column 2: Refractive index
400.000000	2.081045
401.000000	2.079222
402.000000	2.077399
403.000000	2.075576
404.000000	2.073752
405.000000	2.071929
406.000000	2.070106
407.000000	2.068283
408.000000	2.066488
409.000000	2.064705
410.000000	2.062938
411.000000	2.061195
412.000000	2.059456
413.000000	2.057751
414.000000	2.056046
415.000000	2.054371
416.000000	2.052703
417.000000	2.051053
418.000000	2.049422
419.000000	2.047797
420.000000	2.046200
421.000000	2.044603
422.000000	2.043036
423.000000	2.041473
424.000000	2.039929
425.000000	2.038399
426.000000	2.036878
427.000000	2.035379
428.000000	2.033881
429.000000	2.032413
430.000000	2.030946
431.000000	2.029499
432.000000	2.028061
433.000000	2.026635
434.000000	2.025227
435.000000	2.023821
436.000000	2.022441
437.000000	2.021061
438.000000	2.019703
439.000000	2.018351
440.000000	2.017012
441.000000	2.015686
442.000000	2.014366
443.000000	2.013066
444.000000	2.011766
445.000000	2.010489
446.000000	2.009215
447.000000	2.007956
448.000000	2.006706
449.000000	2.005464
450.000000	2.004238
451.000000	2.003012
452.000000	2.001810
453.000000	2.000608
454.000000	1.999421
455.000000	1.998242
456.000000	1.997071
457.000000	1.995914
458.000000	1.994758
459.000000	1.993622
460.000000	1.992487
461.000000	1.991368
462.000000	1.990253
463.000000	1.989148
464.000000	1.988054
465.000000	1.986963
466.000000	1.985889
467.000000	1.984814
468.000000	1.983758
469.000000	1.982703
470.000000	1.981659
471.000000	1.980623
472.000000	1.979592
473.000000	1.978575
474.000000	1.977557
475.000000	1.976558
476.000000	1.975558
477.000000	1.974571
478.000000	1.973589
479.000000	1.972614
480.000000	1.971649
481.000000	1.970686
482.000000	1.969738
483.000000	1.968790
484.000000	1.967855
485.000000	1.966923
486.000000	1.966000
487.000000	1.965084
488.000000	1.964171
489.000000	1.963271
490.000000	1.962371
491.000000	1.961484
492.000000	1.960600
493.000000	1.959723
494.000000	1.958853
495.000000	1.957988
496.000000	1.957132
497.000000	1.956276
498.000000	1.955435
499.000000	1.954594
500.000000	1.953762
501.000000	1.952934
502.000000	1.952112
503.000000	1.951298
504.000000	1.950485
505.000000	1.949685
506.000000	1.948884
507.000000	1.948093
508.000000	1.947306
509.000000	1.946524
510.000000	1.945749
511.000000	1.944976
512.000000	1.944213
513.000000	1.943451
514.000000	1.942699
515.000000	1.941948
516.000000	1.941204
517.000000	1.940465
518.000000	1.939730
519.000000	1.939003
520.000000	1.938275
521.000000	1.937559
522.000000	1.936843
523.000000	1.936135
524.000000	1.935430
525.000000	1.934730
526.000000	1.934036
527.000000	1.933343
528.000000	1.932659
529.000000	1.931976
530.000000	1.931301
531.000000	1.930628
532.000000	1.929960
533.000000	1.929297
534.000000	1.928636
535.000000	1.927983
536.000000	1.927330
537.000000	1.926686
538.000000	1.926043
539.000000	1.925405
540.000000	1.924772
541.000000	1.924141
542.000000	1.923517
543.000000	1.922893
544.000000	1.922278
545.000000	1.921663
546.000000	1.921054
547.000000	1.920448
548.000000	1.919845
549.000000	1.919248
550.000000	1.918652
551.000000	1.918063
552.000000	1.917475
553.000000	1.916893
554.000000	1.916313
555.000000	1.915737
556.000000	1.915165
557.000000	1.914595
558.000000	1.914031
559.000000	1.913467
560.000000	1.912911
561.000000	1.912355
562.000000	1.911804
563.000000	1.911256
564.000000	1.910711
565.000000	1.910170
566.000000	1.909630
567.000000	1.909097
568.000000	1.908565
569.000000	1.908037
570.000000	1.907512
571.000000	1.906990
572.000000	1.906471
573.000000	1.905954
574.000000	1.905443
575.000000	1.904932
576.000000	1.904427
577.000000	1.903923
578.000000	1.903422
579.000000	1.902925
580.000000	1.902429
581.000000	1.901939
582.000000	1.901448
583.000000	1.900964
584.000000	1.900480
585.000000	1.900000
586.000000	1.899523
587.000000	1.899047
588.000000	1.898576
589.000000	1.898105
590.000000	1.897640
591.000000	1.897175
592.000000	1.896715
593.000000	1.896256
594.000000	1.895800
595.000000	1.895347
596.000000	1.894895
597.000000	1.894449
598.000000	1.894002
599.000000	1.893560
600.000000	1.893119
601.000000	1.892681
602.000000	1.892245
603.000000	1.891811
604.000000	1.891382
605.000000	1.890952
606.000000	1.890527
607.000000	1.890103
608.000000	1.889682
609.000000	1.889263
610.000000	1.888846
611.000000	1.888433
612.000000	1.888019
613.000000	1.887611
614.000000	1.887203
615.000000	1.886798
616.000000	1.886395
617.000000	1.885994
618.000000	1.885596
619.000000	1.885198
620.000000	1.884805
621.000000	1.884412
622.000000	1.884023
623.000000	1.883635
624.000000	1.883249
625.000000	1.882865
626.000000	1.882483
627.000000	1.882104
628.000000	1.881725
629.000000	1.881351
630.000000	1.880977
631.000000	1.880605
632.000000	1.880236
633.000000	1.879867
634.000000	1.879502
635.000000	1.879137
636.000000	1.878772
637.000000	1.878407
638.000000	1.878042
639.000000	1.877677
640.000000	1.877312
641.000000	1.876947
642.000000	1.876581
643.000000	1.876216
644.000000	1.875851
645.000000	1.875486
646.000000	1.875121
647.000000	1.874756
648.000000	1.874391
649.000000	1.874026
650.000000	1.873661
651.000000	1.873296
652.000000	1.872931
653.000000	1.872565
654.000000	1.872200
655.000000	1.871835
656.000000	1.871470
657.000000	1.871105
658.000000	1.870740
659.000000	1.870375
660.000000	1.870010
661.000000	1.869645
662.000000	1.869280
663.000000	1.868914
664.000000	1.868549
665.000000	1.868184
666.000000	1.867819
667.000000	1.867454
668.000000	1.867089
669.000000	1.866724
670.000000	1.866359
671.000000	1.865994
672.000000	1.865629
673.000000	1.865263
674.000000	1.864898
675.000000	1.864533
676.000000	1.864168
677.000000	1.863803
678.000000	1.863438
679.000000	1.863073
680.000000	1.862708
681.000000	1.862343
682.000000	1.861978
683.000000	1.861613
684.000000	1.861247
685.000000	1.860882
686.000000	1.860517
687.000000	1.860152
688.000000	1.859787
689.000000	1.859422
690.000000	1.859057
691.000000	1.858692
692.000000	1.858327
693.000000	1.857962
694.000000	1.857596
695.000000	1.857231
696.000000	1.856866
697.000000	1.856501
698.000000	1.856136
699.000000	1.855771
700.000000	1.855406
