q[nm-1]	I(q)[sr-1]_Rocca_10m_eiger2_00011_00_00001_av_ave.h5_00001_[NS11_25C]_trm=0.873101	error
6.67967554e-03	1.58544609e+04	6.75905466e+00
7.14073004e-03	1.26096572e+04	3.89613485e+00
7.60178454e-03	9.80150977e+03	2.92293620e+00
8.06283858e-03	7.76808447e+03	2.33940482e+00
8.52389354e-03	6.21401807e+03	1.92854691e+00
8.98494758e-03	5.00009863e+03	1.61629641e+00
9.44600254e-03	4.08119189e+03	1.37945378e+00
9.90705658e-03	3.36964331e+03	1.19112599e+00
1.03681115e-02	2.81222095e+03	1.03934336e+00
1.08291656e-02	2.36404492e+03	9.16963935e-01
1.12902196e-02	2.00904395e+03	8.15172970e-01
1.17512746e-02	1.71976331e+03	7.26810217e-01
1.22123286e-02	1.47552026e+03	6.52183890e-01
1.26733836e-02	1.27455835e+03	5.88696361e-01
1.31344376e-02	1.10095581e+03	5.32005727e-01
1.35954916e-02	9.60541992e+02	4.84271109e-01
1.40565466e-02	8.45194641e+02	4.43339974e-01
1.45176006e-02	7.43100952e+02	4.05712605e-01
1.49786556e-02	6.56443237e+02	3.72505963e-01
1.54397096e-02	5.82297241e+02	3.43544662e-01
1.59007646e-02	5.17801392e+02	3.17112505e-01
1.63618177e-02	4.62330719e+02	2.93554038e-01
1.68228727e-02	4.15886169e+02	2.73610890e-01
1.72839276e-02	3.74153961e+02	2.54593790e-01
1.77449826e-02	3.36731995e+02	2.37409502e-01
1.82060357e-02	3.03225800e+02	2.18048960e-01
1.86670907e-02	2.76018005e+02	1.98876202e-01
1.91281457e-02	2.51161652e+02	1.83859631e-01
1.95891988e-02	2.29947510e+02	1.72349676e-01
2.00502537e-02	2.09770630e+02	1.62500173e-01
2.05113087e-02	1.91700745e+02	1.53351158e-01
2.09723637e-02	1.76079971e+02	1.45213693e-01
2.14334168e-02	1.62133514e+02	1.37716427e-01
2.18944717e-02	1.49582336e+02	1.30717635e-01
2.23555267e-02	1.38029083e+02	1.23979047e-01
2.28165798e-02	1.27779251e+02	1.17709734e-01
2.32776348e-02	1.17720032e+02	1.11676909e-01
2.37386897e-02	1.09359276e+02	1.06603444e-01
2.41997447e-02	1.02165031e+02	1.02010705e-01
2.46607978e-02	9.46755600e+01	9.71511155e-02
2.51218528e-02	8.83346863e+01	9.29590315e-02
2.55829077e-02	8.27738190e+01	8.91520306e-02
2.60439608e-02	7.71540604e+01	8.52767527e-02
2.65050158e-02	7.21590195e+01	8.17208812e-02
2.69660708e-02	6.77989655e+01	7.85685927e-02
2.74271239e-02	6.35355415e+01	7.53671005e-02
2.78881788e-02	5.96878052e+01	7.24166483e-02
2.83492338e-02	5.60047913e+01	6.95375279e-02
2.88102888e-02	5.28652153e+01	6.70310408e-02
2.92713419e-02	4.99214439e+01	6.46467283e-02
2.97323968e-02	4.72601776e+01	6.23913929e-02
3.01934518e-02	4.47725220e+01	6.02456629e-02
3.06545049e-02	4.23696060e+01	5.85135035e-02
3.11155599e-02	4.04043846e+01	5.79031631e-02
3.15766148e-02	3.85874100e+01	5.69335818e-02
3.20376679e-02	3.68559837e+01	5.58099039e-02
3.24987248e-02	3.51799049e+01	5.45644388e-02
3.29597779e-02	3.39146576e+01	5.36510050e-02
3.34208310e-02	3.26134605e+01	5.25418036e-02
3.38818878e-02	3.15509586e+01	5.16130030e-02
3.43429409e-02	3.07454224e+01	5.09280339e-02
3.48039940e-02	2.98831081e+01	5.01123667e-02
3.52650508e-02	2.93012543e+01	4.95561101e-02
3.57261039e-02	2.89279976e+01	4.91649322e-02
3.61871570e-02	2.86000977e+01	4.87894341e-02
3.66482139e-02	2.84912720e+01	4.85322326e-02
3.71092670e-02	2.86843719e+01	4.85814139e-02
3.75703238e-02	2.91049900e+01	4.88499515e-02
3.80313769e-02	2.97746391e+01	4.92821671e-02
3.84924300e-02	3.09169827e+01	5.01234904e-02
3.89534868e-02	3.22253532e+01	5.09839542e-02
3.94145399e-02	3.42292252e+01	5.24202809e-02
3.98755930e-02	3.67927094e+01	5.41426539e-02
4.03366499e-02	4.05742493e+01	5.67017980e-02
4.07977030e-02	4.56991920e+01	5.99435382e-02
4.12587561e-02	5.27797470e+01	6.42342493e-02
4.17198129e-02	6.08746262e+01	6.87815398e-02
4.21808660e-02	6.88831177e+01	7.29072541e-02
4.26419191e-02	7.62104111e+01	7.64791742e-02
4.31029759e-02	8.15691376e+01	7.89004043e-02
4.35640290e-02	8.37986221e+01	7.97039345e-02
4.40250821e-02	8.26734924e+01	7.88860619e-02
4.44861390e-02	7.98877563e+01	7.73001611e-02
4.49471921e-02	7.65415421e+01	7.54102096e-02
4.54082489e-02	7.28449936e+01	7.33543783e-02
4.58693020e-02	6.78771515e+01	7.05308244e-02
4.63303551e-02	6.27745895e+01	6.76771328e-02
4.67914119e-02	5.81165047e+01	6.49452284e-02
4.72524650e-02	5.33237228e+01	6.20246120e-02
4.77135181e-02	4.84461403e+01	5.89165799e-02
4.81745750e-02	4.42056656e+01	5.60808256e-02
4.86356281e-02	3.99267960e+01	5.21536469e-02
4.90966812e-02	3.61910973e+01	4.86829132e-02
4.95577380e-02	3.27527885e+01	4.56466600e-02
5.00187911e-02	2.96769981e+01	4.29769009e-02
5.04798442e-02	2.68506660e+01	4.10945974e-02
5.09409010e-02	2.43732643e+01	3.95140089e-02
5.14019541e-02	2.21830807e+01	3.77738141e-02
5.18630110e-02	2.00384960e+01	3.58775668e-02
5.23240641e-02	1.82108974e+01	3.42133753e-02
5.27851172e-02	1.65827274e+01	3.26250978e-02
5.32461740e-02	1.51123505e+01	3.11162714e-02
5.37072271e-02	1.38578777e+01	2.97567304e-02
5.41682802e-02	1.26237335e+01	2.83382479e-02
5.46293370e-02	1.15768652e+01	2.71179676e-02
5.50903901e-02	1.07170124e+01	2.60649025e-02
5.55514432e-02	9.88444328e+00	2.49630995e-02
5.60125001e-02	9.16964149e+00	2.36501656e-02
5.64735532e-02	8.57699299e+00	2.24195346e-02
5.69346063e-02	8.01081276e+00	2.13785898e-02
5.73956631e-02	7.52948380e+00	2.05410477e-02
5.78567162e-02	7.07740307e+00	1.97498836e-02
5.83177693e-02	6.65940332e+00	1.89819448e-02
5.87788261e-02	6.32916737e+00	1.83933545e-02
5.92398793e-02	5.98168802e+00	1.77467223e-02
5.97009361e-02	5.69866657e+00	1.71846226e-02
6.01619892e-02	5.42038441e+00	1.66247375e-02
6.06230423e-02	5.15539551e+00	1.60998404e-02
6.10840991e-02	4.93144989e+00	1.56508442e-02
6.15451522e-02	4.71078920e+00	1.51771307e-02
6.20062053e-02	4.54264164e+00	1.48208514e-02
6.24672621e-02	4.35061359e+00	1.44099146e-02
6.29283190e-02	4.18293428e+00	1.40518006e-02
6.33893684e-02	4.03927517e+00	1.37204807e-02
6.38504252e-02	3.90238190e+00	1.33965295e-02
6.43114820e-02	3.77117109e+00	1.31239649e-02
6.47725314e-02	3.65817690e+00	1.28781321e-02
6.52335882e-02	3.54114723e+00	1.26242433e-02
6.56946450e-02	3.43505526e+00	1.23846577e-02
6.61556944e-02	3.33679342e+00	1.21460874e-02
6.66167513e-02	3.22963476e+00	1.19139133e-02
6.70778081e-02	3.15658498e+00	1.17388209e-02
6.75388575e-02	3.07876658e+00	1.15346480e-02
6.79999143e-02	2.98378897e+00	1.13122184e-02
6.84609711e-02	2.90393591e+00	1.11344028e-02
6.89220205e-02	2.80483294e+00	1.08997989e-02
6.93830773e-02	2.71962833e+00	1.06921699e-02
6.98441342e-02	2.67022943e+00	1.05687985e-02
7.03051835e-02	2.59350514e+00	1.03872418e-02
7.07662404e-02	2.52599740e+00	1.02387005e-02
7.12272972e-02	2.45858121e+00	1.00772763e-02
7.16883466e-02	2.40249777e+00	9.93925799e-03
7.21494034e-02	2.36741972e+00	9.85886343e-03
7.26104602e-02	2.28987360e+00	9.66103096e-03
7.30715096e-02	2.24836946e+00	9.57000069e-03
7.35325664e-02	2.20237088e+00	9.45369713e-03
7.39936233e-02	2.14953303e+00	9.31281131e-03
7.44546726e-02	2.11548138e+00	9.20906849e-03
7.49157295e-02	2.08487177e+00	9.11929738e-03
7.53767863e-02	2.02930307e+00	8.97092838e-03
7.58378357e-02	1.99535084e+00	8.86359718e-03
7.62988925e-02	1.96462059e+00	8.77297856e-03
7.67599493e-02	1.92916167e+00	8.67095403e-03
7.72210062e-02	1.89666724e+00	8.57215188e-03
7.76820555e-02	1.87028193e+00	8.49595387e-03
7.81431124e-02	1.82928634e+00	8.37147050e-03
7.86041692e-02	1.79843462e+00	8.28574691e-03
7.90652186e-02	1.77152371e+00	8.20220076e-03
7.95262754e-02	1.75944257e+00	8.15705955e-03
7.99873322e-02	1.72862375e+00	8.05910956e-03
8.04483816e-02	1.70384336e+00	7.97709543e-03
8.09094384e-02	1.69829202e+00	7.94276223e-03
8.13704953e-02	1.67902982e+00	7.87331536e-03
8.18315446e-02	1.66914582e+00	7.82845262e-03
8.22926015e-02	1.65456355e+00	7.77854118e-03
8.27536583e-02	1.62421679e+00	7.69114122e-03
8.32147077e-02	1.62889886e+00	7.67822331e-03
8.36757645e-02	1.62188983e+00	7.62839010e-03
8.41368213e-02	1.61897624e+00	7.60309119e-03
8.45978707e-02	1.60297942e+00	7.54368817e-03
8.50589275e-02	1.58609092e+00	7.49030616e-03
8.55199844e-02	1.57484114e+00	7.44221499e-03
8.59810337e-02	1.56620824e+00	7.39918649e-03
8.64420906e-02	1.54749906e+00	7.33824540e-03
8.69031474e-02	1.52053261e+00	7.25438586e-03
8.73641968e-02	1.50226653e+00	7.20338663e-03
8.78252536e-02	1.46680331e+00	7.10118841e-03
8.82863104e-02	1.45776010e+00	7.06804171e-03
8.87473598e-02	1.43890274e+00	7.00025493e-03
8.92084166e-02	1.41536009e+00	6.92569558e-03
8.96694735e-02	1.38555765e+00	6.84661651e-03
9.01305228e-02	1.37445462e+00	6.81925053e-03
9.05915797e-02	1.35472131e+00	6.75296178e-03
9.10526365e-02	1.32171035e+00	6.65635383e-03
9.15136859e-02	1.30262589e+00	6.60076085e-03
9.19747427e-02	1.29220736e+00	6.56323507e-03
9.24357995e-02	1.25958240e+00	6.46227226e-03
9.28968564e-02	1.24594939e+00	6.42646337e-03
9.33579057e-02	1.22841930e+00	6.37286436e-03
9.38189626e-02	1.20432222e+00	6.29600883e-03
9.42800194e-02	1.18133283e+00	6.23096758e-03
9.47410688e-02	1.16797566e+00	6.19536173e-03
9.52021256e-02	1.13708353e+00	6.09371532e-03
9.56631824e-02	1.13935387e+00	6.09832164e-03
9.61242318e-02	1.11052716e+00	6.00225618e-03
9.65852886e-02	1.10287452e+00	5.98315243e-03
9.70463455e-02	1.08260930e+00	5.92024531e-03
9.75073949e-02	1.06604671e+00	5.86166140e-03
9.79684517e-02	1.05402303e+00	5.81708504e-03
9.84295085e-02	1.04018319e+00	5.77100785e-03
9.88905579e-02	1.03115702e+00	5.73774194e-03
9.93516147e-02	1.01610816e+00	5.69115905e-03
9.98126715e-02	1.00475717e+00	5.65314712e-03
1.00273721e-01	9.94738221e-01	5.61256194e-03
1.00734778e-01	9.85319734e-01	5.57742920e-03
1.01195835e-01	9.73178685e-01	5.53759187e-03
1.01656884e-01	9.55008030e-01	5.48287667e-03
1.02117941e-01	9.39552486e-01	5.42975497e-03
1.02578998e-01	9.29832339e-01	5.38805174e-03
1.03040047e-01	9.26475048e-01	5.37282089e-03
1.03501104e-01	9.16417599e-01	5.33984974e-03
1.03962161e-01	9.07734096e-01	5.30828955e-03
1.04423210e-01	8.93679440e-01	5.25565771e-03
1.04884267e-01	8.89518082e-01	5.23869647e-03
1.05345324e-01	8.73046517e-01	5.18697081e-03
1.05806373e-01	8.58811021e-01	5.13976952e-03
1.06267430e-01	8.59961212e-01	5.13678556e-03
1.06728487e-01	8.54195297e-01	5.10440674e-03
1.07189544e-01	8.46259236e-01	5.07297413e-03
1.07650593e-01	8.41658890e-01	5.05540101e-03
1.08111650e-01	8.39065075e-01	5.03859017e-03
1.08572707e-01	8.27872396e-01	5.00038918e-03
1.09033756e-01	8.14627528e-01	4.95231524e-03
1.09494813e-01	8.11428428e-01	4.92938654e-03
1.09955870e-01	8.06096435e-01	4.90151439e-03
1.10416919e-01	7.99524903e-01	4.87988256e-03
1.10877976e-01	7.87624240e-01	4.83638048e-03
1.11339033e-01	7.87351310e-01	4.82635526e-03
1.11800082e-01	7.79838741e-01	4.79432521e-03
1.12261139e-01	7.69808412e-01	4.75810515e-03
1.12722196e-01	7.68669963e-01	4.74966597e-03
1.13183245e-01	7.65725255e-01	4.73058503e-03
1.13644302e-01	7.66562045e-01	4.72274935e-03
1.14105359e-01	7.61203647e-01	4.70073055e-03
1.14566408e-01	7.44181693e-01	4.64397296e-03
1.15027465e-01	7.42098391e-01	4.63092048e-03
1.15488522e-01	7.35480845e-01	4.59682057e-03
1.15949571e-01	7.40307629e-01	4.60267626e-03
1.16410628e-01	7.34350502e-01	4.58131684e-03
1.16871685e-01	7.25957394e-01	4.54791076e-03
1.17332734e-01	7.27721810e-01	4.54120664e-03
1.17793791e-01	7.23977923e-01	4.52365074e-03
1.18254848e-01	7.15739787e-01	4.48922440e-03
1.18715897e-01	7.18585670e-01	4.49118530e-03
1.19176954e-01	7.13034153e-01	4.47094766e-03
1.19638011e-01	7.02232480e-01	4.43036761e-03
1.20099060e-01	7.02519476e-01	4.42458922e-03
1.20560117e-01	6.94816172e-01	4.39124415e-03
1.21021174e-01	6.93943143e-01	4.38101636e-03
1.21482231e-01	6.90008759e-01	4.36347444e-03
1.21943280e-01	6.91533446e-01	4.35742410e-03
1.22404337e-01	6.97171748e-01	4.36471030e-03
1.22865394e-01	6.81152105e-01	4.30765236e-03
1.23326443e-01	6.86196387e-01	4.32421546e-03
1.23787500e-01	6.76492035e-01	4.28645080e-03
1.24248557e-01	6.76990449e-01	4.27577179e-03
1.24709606e-01	6.80285096e-01	4.27701790e-03
1.25170663e-01	6.69724822e-01	4.23841877e-03
1.25631720e-01	6.75379574e-01	4.25085146e-03
1.26092777e-01	6.66965842e-01	4.21164418e-03
1.26553819e-01	6.70699954e-01	4.21676226e-03
1.27014875e-01	6.68739438e-01	4.20247717e-03
1.27475932e-01	6.64009988e-01	4.18427261e-03
1.27936989e-01	6.61747336e-01	4.17170394e-03
1.28398046e-01	6.54639304e-01	4.14346438e-03
1.28859103e-01	6.56516254e-01	4.14414797e-03
1.29320160e-01	6.55860782e-01	4.12773201e-03
1.29781201e-01	6.49850667e-01	4.10505477e-03
1.30242258e-01	6.49280787e-01	4.10060957e-03
1.30703315e-01	6.43680930e-01	4.07432811e-03
1.31164372e-01	6.39614880e-01	4.05682251e-03
1.31625429e-01	6.42269790e-01	4.05606348e-03
1.32086486e-01	6.41681552e-01	4.04750975e-03
1.32547528e-01	6.31335497e-01	4.01219307e-03
1.33008584e-01	6.27408683e-01	3.99899855e-03
1.33469641e-01	6.29409313e-01	3.99891008e-03
1.33930698e-01	6.28872395e-01	3.98873771e-03
1.34391755e-01	6.25816464e-01	3.97390779e-03
1.34852812e-01	6.21974945e-01	3.95055395e-03
1.35313854e-01	6.24518812e-01	3.95313930e-03
1.35774910e-01	6.19047105e-01	3.93379526e-03
1.36235967e-01	6.13511741e-01	3.91491363e-03
1.36697024e-01	6.04424059e-01	3.88493645e-03
1.37158081e-01	6.01439595e-01	3.87254730e-03
1.37619138e-01	5.98674953e-01	3.85616021e-03
1.38080180e-01	5.95750213e-01	3.84074030e-03
1.38541237e-01	5.92173338e-01	3.83055536e-03
1.39002293e-01	5.87578177e-01	3.81263043e-03
1.39463350e-01	5.82644045e-01	3.78614152e-03
1.39924407e-01	5.78477979e-01	3.77392024e-03
1.40385464e-01	5.71701407e-01	3.75395385e-03
1.40846506e-01	5.73654830e-01	3.75401299e-03
1.41307563e-01	5.67457974e-01	3.73108266e-03
1.41768619e-01	5.64545095e-01	3.71959689e-03
1.42229676e-01	5.63188434e-01	3.70957330e-03
1.42690733e-01	5.61951399e-01	3.70494043e-03
1.43151790e-01	5.51397443e-01	3.66927544e-03
1.43612847e-01	5.55407166e-01	3.68027133e-03
1.44073889e-01	5.48528969e-01	3.64806922e-03
1.44534945e-01	5.46427906e-01	3.63678439e-03
1.44996002e-01	5.43416023e-01	3.62621015e-03
1.45457059e-01	5.39831996e-01	3.61346407e-03
1.45918116e-01	5.38250566e-01	3.60587612e-03
1.46379173e-01	5.33846736e-01	3.58733116e-03
1.46840215e-01	5.31268060e-01	3.57544608e-03
1.47301272e-01	5.28515279e-01	3.56395915e-03
1.47762328e-01	5.26104987e-01	3.55613721e-03
1.48223385e-01	5.23414075e-01	3.54277017e-03
1.48684442e-01	5.18138111e-01	3.52094206e-03
1.49145499e-01	5.15513361e-01	3.50991148e-03
1.49606541e-01	5.11570752e-01	3.49742058e-03
1.50067598e-01	5.09093583e-01	3.48875346e-03
1.50528654e-01	5.07081509e-01	3.47481552e-03
1.50989711e-01	5.06453514e-01	3.47013702e-03
1.51450768e-01	5.04719317e-01	3.46209342e-03
1.51911825e-01	5.00963390e-01	3.44735873e-03
1.52372867e-01	4.99062151e-01	3.43756122e-03
1.52833924e-01	4.99457419e-01	3.43061192e-03
1.53294981e-01	4.97330844e-01	3.42265400e-03
1.53756037e-01	4.90027189e-01	3.40065174e-03
1.54217094e-01	4.87760246e-01	3.39021278e-03
1.54678151e-01	4.85689789e-01	3.37865762e-03
1.55139193e-01	4.85350132e-01	3.37192486e-03
1.55600250e-01	4.88954872e-01	3.37930582e-03
1.56061307e-01	4.86994803e-01	3.37011972e-03
1.56522363e-01	4.82847303e-01	3.35578993e-03
1.56983420e-01	4.77354378e-01	3.33731179e-03
1.57444477e-01	4.79553312e-01	3.34138563e-03
1.57905519e-01	4.72803921e-01	3.32137011e-03
1.58366576e-01	4.68303680e-01	3.30524007e-03
1.58827633e-01	4.68966961e-01	3.29865888e-03
1.59288689e-01	4.66761738e-01	3.28775495e-03
1.59749746e-01	4.67226207e-01	3.28619219e-03
1.60210803e-01	4.64758158e-01	3.27888946e-03
1.60671860e-01	4.62734461e-01	3.26766213e-03
1.61132902e-01	4.67307866e-01	3.27622937e-03
1.61593959e-01	4.60606247e-01	3.25368415e-03
1.62055016e-01	4.60173547e-01	3.25155072e-03
1.62516072e-01	4.56927836e-01	3.23680229e-03
1.62977129e-01	4.51600492e-01	3.21558630e-03
1.63438186e-01	4.54759359e-01	3.22141615e-03
1.63899228e-01	4.53730196e-01	3.21414135e-03
1.64360285e-01	4.50864017e-01	3.20312567e-03
1.64821342e-01	4.49207932e-01	3.19240382e-03
1.65282398e-01	4.49892670e-01	3.19264387e-03
1.65743455e-01	4.45598453e-01	3.17487633e-03
1.66204512e-01	4.47022527e-01	3.17335618e-03
1.66665554e-01	4.50208664e-01	3.17619182e-03
1.67126611e-01	4.46092784e-01	3.16063873e-03
1.67587668e-01	4.41488177e-01	3.14595434e-03
1.68048725e-01	4.41885471e-01	3.14415735e-03
1.68509781e-01	4.40147400e-01	3.13404831e-03
1.68970838e-01	4.41307545e-01	3.13188694e-03
1.69431880e-01	4.42346722e-01	3.13372654e-03
1.69892937e-01	4.36443478e-01	3.11209331e-03
1.70353994e-01	4.37127173e-01	3.11112381e-03
1.70815051e-01	4.35527474e-01	3.09886038e-03
1.71276107e-01	4.37337309e-01	3.10102711e-03
1.71737164e-01	4.30167913e-01	3.07831098e-03
1.72198206e-01	4.28685427e-01	3.07194935e-03
1.72659263e-01	4.24472660e-01	3.05546122e-03
1.73120320e-01	4.25082266e-01	3.05410661e-03
1.73581377e-01	4.24497455e-01	3.04968981e-03
1.74042434e-01	4.22075212e-01	3.03660473e-03
1.74503490e-01	4.19957787e-01	3.02141206e-03
1.74964547e-01	4.24450338e-01	3.02988826e-03
1.75425589e-01	4.20757920e-01	3.01365042e-03
1.75886646e-01	4.18763459e-01	3.00785690e-03
1.76347703e-01	4.18669522e-01	3.00427247e-03
1.76808760e-01	4.17911053e-01	2.99544353e-03
1.77269816e-01	4.14067835e-01	2.98350165e-03
1.77730873e-01	4.08633232e-01	2.96620373e-03
1.78191915e-01	4.11451817e-01	2.96960957e-03
1.78652972e-01	4.10166562e-01	2.95953592e-03
1.79114029e-01	4.10697371e-01	2.95790192e-03
1.79575086e-01	4.07523632e-01	2.94681289e-03
1.80036142e-01	4.01231110e-01	2.92452681e-03
1.80497199e-01	4.00470734e-01	2.92037101e-03
1.80958241e-01	4.02588278e-01	2.92689959e-03
1.81419298e-01	3.96728337e-01	2.90090567e-03
1.81880355e-01	3.99781764e-01	2.90993764e-03
1.82341412e-01	3.94663900e-01	2.89276964e-03
1.82802469e-01	3.93449485e-01	2.88544595e-03
1.83263525e-01	3.90959382e-01	2.87618977e-03
1.83724567e-01	3.90756428e-01	2.87081441e-03
1.84185624e-01	3.87904823e-01	2.85801641e-03
1.84646681e-01	3.86237353e-01	2.85242544e-03
1.85107738e-01	3.84522438e-01	2.84697860e-03
1.85568795e-01	3.80402863e-01	2.82853306e-03
1.86029851e-01	3.83937746e-01	2.83521018e-03
1.86490893e-01	3.82452428e-01	2.82662036e-03
1.86951950e-01	3.82906586e-01	2.82268669e-03
1.87413007e-01	3.84076178e-01	2.82515283e-03
1.87874064e-01	3.79187346e-01	2.80672195e-03
1.88335121e-01	3.76973599e-01	2.79572653e-03
1.88796178e-01	3.72898668e-01	2.78179720e-03
1.89257234e-01	3.74413848e-01	2.78360513e-03
1.89718276e-01	3.71349245e-01	2.77091889e-03
1.90179333e-01	3.69770467e-01	2.76618940e-03
1.90640390e-01	3.67256761e-01	2.75243679e-03
1.91101447e-01	3.69648010e-01	2.75478745e-03
1.91562504e-01	3.67390811e-01	2.74765585e-03
1.92023560e-01	3.59541982e-01	2.72449246e-03
1.92484602e-01	3.60968828e-01	2.72594811e-03
1.92945659e-01	3.63578498e-01	2.72945547e-03
1.93406716e-01	3.59528929e-01	2.71251425e-03
1.93867773e-01	3.59838247e-01	2.71212147e-03
1.94328830e-01	3.57940972e-01	2.70332024e-03
1.94789886e-01	3.59225899e-01	2.70638312e-03
1.95250928e-01	3.56316745e-01	2.69425707e-03
1.95711985e-01	3.55708539e-01	2.68952688e-03
1.96173042e-01	3.54371488e-01	2.68298713e-03
1.96634099e-01	3.54443163e-01	2.67878873e-03
1.97095156e-01	3.55097771e-01	2.67797429e-03
1.97556213e-01	3.52548778e-01	2.67020939e-03
1.98017254e-01	3.45818609e-01	2.64926534e-03
1.98478311e-01	3.43900740e-01	2.64316006e-03
1.98939368e-01	3.44646037e-01	2.64169881e-03
1.99400425e-01	3.44764501e-01	2.63681146e-03
1.99861482e-01	3.45521271e-01	2.63861381e-03
2.00322539e-01	3.42761934e-01	2.62786727e-03
2.00783581e-01	3.40575457e-01	2.61930679e-03
2.01244637e-01	3.39606464e-01	2.61277286e-03
2.01705694e-01	3.38483632e-01	2.60666851e-03
2.02166751e-01	3.37644517e-01	2.60289712e-03
2.02627808e-01	3.39427978e-01	2.60510156e-03
2.03088865e-01	3.34301859e-01	2.59036804e-03
2.03549922e-01	3.28672260e-01	2.57336721e-03
2.04010963e-01	3.33800822e-01	2.58325390e-03
2.04472020e-01	3.35787445e-01	2.58533703e-03
2.04933077e-01	3.33414733e-01	2.57565500e-03
2.05394134e-01	3.31438839e-01	2.56678252e-03
2.05855191e-01	3.33134413e-01	2.57173250e-03
2.06316248e-01	3.29981685e-01	2.55562598e-03
2.06777290e-01	3.32925797e-01	2.56440882e-03
2.07238346e-01	3.30243915e-01	2.56956858e-03
2.07699403e-01	3.31363380e-01	2.59059621e-03
2.08160460e-01	3.28240722e-01	2.59078899e-03
2.08621517e-01	3.25075626e-01	2.59228027e-03
2.09082574e-01	3.24464113e-01	2.59530218e-03
2.09543616e-01	3.28695625e-01	2.61021219e-03
2.10004672e-01	3.25656980e-01	2.60616001e-03
2.10465729e-01	3.24527323e-01	2.60807015e-03
2.10926786e-01	3.24209541e-01	2.60796910e-03
2.11387843e-01	3.21102321e-01	2.60282727e-03
2.11848900e-01	3.21225822e-01	2.60894001e-03
2.12309942e-01	3.22154522e-01	2.61307624e-03
2.12770998e-01	3.22842658e-01	2.61610351e-03
2.13232055e-01	3.19003850e-01	2.60663941e-03
2.13693112e-01	3.18661988e-01	2.60607526e-03
2.14154169e-01	3.19832057e-01	2.60710623e-03
2.14615226e-01	3.20845783e-01	2.61113071e-03
2.15076268e-01	3.19587767e-01	2.60789739e-03
2.15537325e-01	3.20254326e-01	2.61191139e-03
2.15998381e-01	3.14104944e-01	2.59418180e-03
2.16459438e-01	3.15742761e-01	2.60299584e-03
2.16920495e-01	3.10657650e-01	2.58888118e-03
2.17381552e-01	3.10569555e-01	2.59214221e-03
2.17842609e-01	3.09622228e-01	2.58759526e-03
2.18303651e-01	3.09909284e-01	2.59047002e-03
2.18764707e-01	3.09923828e-01	2.59017339e-03
2.19225764e-01	3.09219033e-01	2.58909957e-03
2.19686821e-01	3.10835719e-01	2.59658438e-03
2.20147878e-01	3.04504514e-01	2.57749646e-03
2.20608935e-01	3.02078664e-01	2.57245614e-03
2.21069977e-01	3.03580016e-01	2.57842941e-03
2.21531034e-01	2.98625469e-01	2.56340811e-03
2.21992090e-01	3.01581115e-01	2.57312763e-03
2.22453147e-01	2.98585504e-01	2.56399834e-03
2.22914204e-01	2.93858111e-01	2.55222968e-03
2.23375261e-01	2.96357930e-01	2.56170100e-03
2.23836303e-01	2.96874464e-01	2.56190961e-03
2.24297360e-01	2.92256624e-01	2.54769018e-03
2.24758416e-01	2.93050647e-01	2.54442403e-03
2.25219473e-01	2.94335604e-01	2.52626254e-03
2.25680530e-01	2.93168902e-01	2.51017674e-03
2.26141587e-01	2.91743577e-01	2.49423622e-03
2.26602629e-01	2.92301327e-01	2.48942222e-03
2.27063686e-01	2.88128346e-01	2.47325120e-03
2.27524742e-01	2.86893606e-01	2.46288837e-03
2.27985799e-01	2.85675228e-01	2.45145010e-03
2.28446856e-01	2.83327490e-01	2.44187517e-03
2.28907913e-01	2.81704843e-01	2.43472657e-03
2.29368955e-01	2.80363888e-01	2.42359471e-03
2.29830012e-01	2.80652344e-01	2.42049317e-03
2.30291069e-01	2.78635442e-01	2.41127913e-03
2.30752125e-01	2.78247029e-01	2.40412774e-03
2.31213182e-01	2.79866308e-01	2.40873662e-03
2.31674239e-01	2.74688512e-01	2.39186035e-03
2.32135296e-01	2.72127539e-01	2.38219788e-03
2.32596338e-01	2.69345820e-01	2.37056799e-03
2.33057395e-01	2.71965086e-01	2.37503415e-03
2.33518451e-01	2.71249831e-01	2.36905599e-03
2.33979508e-01	2.68384308e-01	2.35694880e-03
2.34440565e-01	2.65203118e-01	2.34248769e-03
2.34901622e-01	2.64989138e-01	2.34089699e-03
2.35362664e-01	2.63909191e-01	2.33404944e-03
2.35823721e-01	2.61748552e-01	2.32465658e-03
2.36284778e-01	2.59109586e-01	2.31382553e-03
2.36745834e-01	2.60605663e-01	2.31548119e-03
2.37206891e-01	2.59163946e-01	2.30701407e-03
2.37667948e-01	2.59885967e-01	2.30447319e-03
2.38128990e-01	2.60104328e-01	2.30291463e-03
2.38590047e-01	2.57029355e-01	2.29219720e-03
2.39051104e-01	2.56515205e-01	2.28795409e-03
2.39512160e-01	2.55344450e-01	2.28181551e-03
2.39973217e-01	2.53555566e-01	2.27390928e-03
2.40434274e-01	2.51650423e-01	2.26690038e-03
2.40895316e-01	2.46613532e-01	2.24951026e-03
2.41356373e-01	2.47542426e-01	2.25090003e-03
2.41817430e-01	2.47546270e-01	2.24674074e-03
2.42278486e-01	2.48598903e-01	2.24816427e-03
2.42739543e-01	2.47234419e-01	2.24078121e-03
2.43200600e-01	2.43872970e-01	2.22687656e-03
2.43661642e-01	2.41540030e-01	2.22046510e-03
2.44122699e-01	2.38797933e-01	2.21134955e-03
2.44583756e-01	2.42431968e-01	2.21885415e-03
2.45044813e-01	2.39965037e-01	2.20873230e-03
2.45505869e-01	2.37392455e-01	2.20144656e-03
2.45966926e-01	2.34094098e-01	2.18965346e-03
2.46427983e-01	2.31454611e-01	2.18107225e-03
2.46889025e-01	2.32529968e-01	2.17964104e-03
2.47350082e-01	2.32660145e-01	2.17660610e-03
2.47811139e-01	2.32607037e-01	2.17492366e-03
2.48272195e-01	2.32020229e-01	2.16960255e-03
2.48733252e-01	2.32647613e-01	2.17081094e-03
2.49194309e-01	2.30444342e-01	2.16061948e-03
2.49655351e-01	2.27456957e-01	2.14913441e-03
2.50116408e-01	2.27570772e-01	2.14837911e-03
2.50577480e-01	2.25078106e-01	2.14017392e-03
2.51038522e-01	2.24694088e-01	2.13641534e-03
2.51499563e-01	2.24394038e-01	2.13186769e-03
2.51960635e-01	2.24319607e-01	2.13127886e-03
2.52421677e-01	2.21386835e-01	2.12040544e-03
2.52882749e-01	2.17948914e-01	2.10771663e-03
2.53343791e-01	2.20751137e-01	2.11436930e-03
2.53804833e-01	2.19903201e-01	2.10808520e-03
2.54265904e-01	2.17929631e-01	2.10223184e-03
2.54726946e-01	2.15818718e-01	2.09276914e-03
2.55188018e-01	2.17501134e-01	2.09533377e-03
2.55649060e-01	2.15883940e-01	2.08982127e-03
2.56110132e-01	2.14193895e-01	2.08321423e-03
2.56571174e-01	2.13623434e-01	2.07986194e-03
2.57032216e-01	2.11119980e-01	2.07090052e-03
2.57493287e-01	2.11606815e-01	2.07115849e-03
2.57954329e-01	2.11961478e-01	2.06996710e-03
2.58415401e-01	2.08730668e-01	2.05786969e-03
2.58876443e-01	2.10480407e-01	2.06238264e-03
2.59337485e-01	2.09251076e-01	2.05654721e-03
2.59798557e-01	2.05807209e-01	2.04564026e-03
2.60259598e-01	2.04541251e-01	2.04081275e-03
2.60720670e-01	2.06603527e-01	2.04542303e-03
2.61181712e-01	2.05105811e-01	2.03894591e-03
2.61642784e-01	2.03511983e-01	2.03073095e-03
2.62103826e-01	2.02933118e-01	2.02824501e-03
2.62564868e-01	2.00232238e-01	2.02016602e-03
2.63025939e-01	2.01035708e-01	2.02127709e-03
2.63486981e-01	1.98397085e-01	2.01056828e-03
2.63948053e-01	1.99959233e-01	2.01403419e-03
2.64409095e-01	1.96154565e-01	2.00181827e-03
2.64870167e-01	1.97026104e-01	2.00435380e-03
2.65331209e-01	1.94714740e-01	1.99521217e-03
2.65792251e-01	1.93584472e-01	1.99038256e-03
2.66253322e-01	1.96765780e-01	1.99738634e-03
2.66714364e-01	1.96805805e-01	1.99540937e-03
2.67175436e-01	1.95269123e-01	1.99083867e-03
2.67636478e-01	1.91587597e-01	1.97858177e-03
2.68097520e-01	1.92758277e-01	1.98169006e-03
2.68558592e-01	1.88829899e-01	1.96789973e-03
2.69019634e-01	1.89601988e-01	1.96957565e-03
2.69480705e-01	1.89991429e-01	1.96906831e-03
2.69941747e-01	1.88112602e-01	1.96336792e-03
2.70402819e-01	1.89284429e-01	1.96472509e-03
2.70863861e-01	1.87866181e-01	1.95778930e-03
2.71324903e-01	1.85384199e-01	1.95018726e-03
2.71785975e-01	1.85142800e-01	1.94953696e-03
2.72247016e-01	1.83712706e-01	1.94354600e-03
2.72708088e-01	1.83514953e-01	1.94046670e-03
2.73169130e-01	1.84831232e-01	1.94469118e-03
2.73630172e-01	1.84539989e-01	1.94308092e-03
2.74091244e-01	1.81316376e-01	1.93248747e-03
2.74552286e-01	1.81215972e-01	1.92996452e-03
2.75013357e-01	1.81537077e-01	1.92833133e-03
2.75474399e-01	1.78788811e-01	1.92072219e-03
2.75935471e-01	1.78422481e-01	1.91991089e-03
2.76396513e-01	1.79032117e-01	1.91877293e-03
2.76857555e-01	1.78424299e-01	1.91497593e-03
2.77318627e-01	1.78431779e-01	1.91491214e-03
2.77779669e-01	1.75293967e-01	1.90353836e-03
2.78240740e-01	1.74460024e-01	1.90163031e-03
2.78701782e-01	1.75350025e-01	1.90255197e-03
2.79162854e-01	1.74978808e-01	1.90117245e-03
2.79623896e-01	1.70960873e-01	1.88763125e-03
2.80084938e-01	1.70961827e-01	1.88611192e-03
2.80546010e-01	1.70342624e-01	1.88395160e-03
2.81007051e-01	1.70931995e-01	1.88425498e-03
2.81468123e-01	1.71110541e-01	1.88484078e-03
2.81929165e-01	1.69289991e-01	1.87767739e-03
2.82390207e-01	1.68464676e-01	1.87260006e-03
2.82851279e-01	1.68952093e-01	1.87491369e-03
2.83312321e-01	1.67541236e-01	1.86929700e-03
2.83773392e-01	1.66465878e-01	1.86313072e-03
2.84234434e-01	1.68347567e-01	1.86789897e-03
2.84695506e-01	1.68422475e-01	1.86623237e-03
2.85156548e-01	1.68164223e-01	1.86586357e-03
2.85617590e-01	1.65121004e-01	1.85439398e-03
2.86078662e-01	1.64624617e-01	1.85340643e-03
2.86539704e-01	1.63812488e-01	1.86147238e-03
2.87000775e-01	1.63634002e-01	1.86900271e-03
2.87461817e-01	1.63144276e-01	1.87340903e-03
2.87922859e-01	1.62268385e-01	1.87394617e-03
2.88383931e-01	1.61045864e-01	1.87475770e-03
2.88844973e-01	1.60938770e-01	1.87708274e-03
2.89306045e-01	1.58819839e-01	1.87334325e-03
2.89767087e-01	1.58627853e-01	1.87692395e-03
2.90228158e-01	1.58388764e-01	1.87726633e-03
2.90689200e-01	1.59305662e-01	1.88175496e-03
2.91150242e-01	1.57216817e-01	1.87429041e-03
2.91611314e-01	1.58576429e-01	1.87746028e-03
2.92072356e-01	1.57864645e-01	1.87648158e-03
2.92533427e-01	1.54817015e-01	1.87043508e-03
2.92994469e-01	1.55608162e-01	1.87453220e-03
2.93455541e-01	1.56101674e-01	1.87641720e-03
2.93916583e-01	1.54645413e-01	1.87218876e-03
2.94377625e-01	1.54603332e-01	1.87289179e-03
2.94838697e-01	1.53503984e-01	1.86971831e-03
2.95299739e-01	1.53083041e-01	1.86830293e-03
2.95760810e-01	1.53120875e-01	1.86993950e-03
2.96221852e-01	1.54039592e-01	1.87302229e-03
2.96682894e-01	1.54273108e-01	1.87435991e-03
2.97143966e-01	1.52298331e-01	1.86990073e-03
2.97605008e-01	1.50509208e-01	1.86519360e-03
2.98066080e-01	1.49258733e-01	1.86087994e-03
2.98527122e-01	1.47822142e-01	1.85874884e-03
2.98988193e-01	1.48933217e-01	1.86232792e-03
2.99449235e-01	1.48732692e-01	1.86213874e-03
2.99910277e-01	1.46596774e-01	1.85754080e-03
3.00371349e-01	1.45460397e-01	1.85443996e-03
3.00832391e-01	1.44655243e-01	1.85227243e-03
3.01293463e-01	1.46205693e-01	1.85732706e-03
3.01754504e-01	1.46765873e-01	1.85820553e-03
3.02215546e-01	1.46980733e-01	1.85939041e-03
3.02676618e-01	1.45895436e-01	1.85535138e-03
3.03137660e-01	1.46676838e-01	1.85744616e-03
3.03598732e-01	1.44503012e-01	1.85229571e-03
3.04059774e-01	1.41934559e-01	1.83505064e-03
3.04520845e-01	1.42918393e-01	1.82452146e-03
3.04981887e-01	1.43289298e-01	1.81727321e-03
3.05442929e-01	1.42656207e-01	1.81090645e-03
3.05904001e-01	1.40963048e-01	1.80004048e-03
3.06365043e-01	1.43848777e-01	1.80378067e-03
3.06826115e-01	1.41873628e-01	1.79500971e-03
3.07287157e-01	1.38613835e-01	1.78286375e-03
3.07748228e-01	1.39942616e-01	1.78291521e-03
3.08209270e-01	1.40107960e-01	1.78014976e-03
3.08670312e-01	1.38112560e-01	1.77251862e-03
3.09131384e-01	1.36406094e-01	1.76555826e-03
3.09592426e-01	1.37184888e-01	1.76390237e-03
3.10053498e-01	1.36513591e-01	1.75909267e-03
3.10514539e-01	1.38076976e-01	1.76162238e-03
3.10975581e-01	1.39304414e-01	1.76236010e-03
3.11436653e-01	1.36223078e-01	1.75037165e-03
3.11897695e-01	1.35729223e-01	1.74653507e-03
3.12358767e-01	1.36921659e-01	1.74825604e-03
3.12819809e-01	1.36514425e-01	1.74473156e-03
3.13280880e-01	1.33712083e-01	1.73319760e-03
3.13741922e-01	1.33514583e-01	1.73208700e-03
3.14202964e-01	1.35385111e-01	1.73576619e-03
3.14664036e-01	1.32900923e-01	1.72544795e-03
3.15125078e-01	1.31295949e-01	1.71988364e-03
3.15586150e-01	1.30861133e-01	1.71674066e-03
3.16047192e-01	1.31032750e-01	1.71628688e-03
3.16508234e-01	1.28941968e-01	1.70760322e-03
3.16969305e-01	1.28940761e-01	1.70577993e-03
3.17430347e-01	1.28468290e-01	1.70242006e-03
3.17891419e-01	1.29598349e-01	1.70405267e-03
3.18352461e-01	1.31002814e-01	1.70498248e-03
3.18813533e-01	1.30692810e-01	1.70156639e-03
3.19274575e-01	1.28199786e-01	1.69344340e-03
3.19735616e-01	1.28668159e-01	1.69485435e-03
3.20196688e-01	1.26951784e-01	1.68700831e-03
3.20657730e-01	1.26699895e-01	1.68491248e-03
3.21118802e-01	1.25968441e-01	1.68151071e-03
3.21579844e-01	1.25819638e-01	1.67932489e-03
3.22040915e-01	1.27298504e-01	1.68233435e-03
3.22501957e-01	1.24369361e-01	1.67196454e-03
3.22962999e-01	1.24918744e-01	1.67193206e-03
3.23424071e-01	1.25478789e-01	1.67277246e-03
3.23885113e-01	1.23926662e-01	1.66675227e-03
3.24346185e-01	1.24334648e-01	1.66674086e-03
3.24807227e-01	1.23211011e-01	1.66250416e-03
3.25268269e-01	1.22759759e-01	1.65939797e-03
3.25729340e-01	1.21101104e-01	1.65222422e-03
3.26190382e-01	1.22046947e-01	1.65499770e-03
3.26651454e-01	1.20973870e-01	1.64988241e-03
3.27112496e-01	1.20843813e-01	1.64940243e-03
3.27573568e-01	1.20536789e-01	1.64774188e-03
3.28034610e-01	1.21458411e-01	1.64755783e-03
3.28495651e-01	1.20475516e-01	1.64182554e-03
3.28956723e-01	1.18770503e-01	1.63676194e-03
3.29417765e-01	1.19131483e-01	1.63610349e-03
3.29878837e-01	1.21515587e-01	1.64223951e-03
3.30339879e-01	1.17554404e-01	1.63034420e-03
3.30800921e-01	1.17388450e-01	1.62948947e-03
3.31261992e-01	1.18387565e-01	1.62996515e-03
3.31723034e-01	1.17185399e-01	1.62573415e-03
3.32184106e-01	1.16748691e-01	1.62388128e-03
3.32645148e-01	1.17683172e-01	1.62516697e-03
3.33106220e-01	1.16254330e-01	1.61879754e-03
3.33567262e-01	1.16457060e-01	1.61929429e-03
3.34028304e-01	1.15382329e-01	1.61582720e-03
3.34489375e-01	1.15275875e-01	1.61396002e-03
3.34950417e-01	1.14447162e-01	1.61041506e-03
3.35411489e-01	1.13541365e-01	1.60648464e-03
3.35872531e-01	1.14746854e-01	1.60813855e-03
3.36333603e-01	1.13812245e-01	1.60469708e-03
3.36794645e-01	1.11317739e-01	1.59763882e-03
3.37255687e-01	1.11568891e-01	1.59807666e-03
3.37716758e-01	1.10324726e-01	1.59258419e-03
3.38177800e-01	1.12152100e-01	1.59688736e-03
3.38638872e-01	1.11757740e-01	1.59382145e-03
3.39099914e-01	1.12230420e-01	1.59502157e-03
3.39560956e-01	1.11587629e-01	1.59196625e-03
3.40022027e-01	1.10565379e-01	1.58796296e-03
3.40483069e-01	1.09399356e-01	1.58279145e-03
3.40944141e-01	1.10504523e-01	1.58597715e-03
3.41405183e-01	1.09133504e-01	1.58208678e-03
3.41866255e-01	1.08779714e-01	1.58004928e-03
3.42327297e-01	1.08941779e-01	1.57777441e-03
3.42788339e-01	1.08830430e-01	1.57633354e-03
3.43249410e-01	1.06996909e-01	1.57076097e-03
3.43710452e-01	1.08174443e-01	1.57302921e-03
3.44171524e-01	1.09132960e-01	1.57338043e-03
3.44632566e-01	1.08471632e-01	1.57053710e-03
3.45093608e-01	1.07613817e-01	1.56775373e-03
3.45554680e-01	1.06484070e-01	1.56324357e-03
3.46015722e-01	1.05621085e-01	1.56055822e-03
3.46476793e-01	1.04583777e-01	1.55651080e-03
3.46937835e-01	1.06484875e-01	1.56055973e-03
3.47398907e-01	1.07005894e-01	1.56035146e-03
3.47859949e-01	1.05186202e-01	1.55497564e-03
3.48320991e-01	1.02500878e-01	1.54719525e-03
3.48782063e-01	1.04737379e-01	1.55306770e-03
3.49243104e-01	1.03635743e-01	1.54730014e-03
3.49704176e-01	1.04331709e-01	1.54932810e-03
3.50165218e-01	1.02438353e-01	1.54201407e-03
3.50626290e-01	1.04153611e-01	1.54632470e-03
3.51087332e-01	1.04039215e-01	1.54387928e-03
3.51548374e-01	1.02583364e-01	1.53900287e-03
3.52009445e-01	1.00482464e-01	1.53264950e-03
3.52470487e-01	1.00819193e-01	1.53249851e-03
3.52931559e-01	1.01493776e-01	1.53281679e-03
3.53392601e-01	1.00270823e-01	1.52831594e-03
3.53853643e-01	1.01034068e-01	1.52957765e-03
3.54314715e-01	9.97584388e-02	1.52430602e-03
3.54775757e-01	9.95390788e-02	1.52345572e-03
3.55236828e-01	1.00283340e-01	1.52432837e-03
3.55697870e-01	1.00194953e-01	1.52302091e-03
3.56158942e-01	9.92099047e-02	1.51920470e-03
3.56619984e-01	9.91947651e-02	1.51814264e-03
3.57081026e-01	9.72075239e-02	1.51074841e-03
3.57542098e-01	9.81383994e-02	1.51160604e-03
3.58003139e-01	9.87500995e-02	1.51210965e-03
3.58464211e-01	9.76860300e-02	1.50822022e-03
3.58925253e-01	9.72268432e-02	1.50597282e-03
3.59386295e-01	9.69408005e-02	1.50365243e-03
3.59847367e-01	9.64989811e-02	1.50134065e-03
3.60308409e-01	9.62589085e-02	1.50035159e-03
3.60769480e-01	9.65500250e-02	1.49922143e-03
3.61230522e-01	9.56894830e-02	1.49511662e-03
3.61691594e-01	9.63438898e-02	1.49648520e-03
3.62152636e-01	9.58175883e-02	1.49301742e-03
3.62613678e-01	9.55067426e-02	1.49172416e-03
3.63074750e-01	9.46448296e-02	1.48829608e-03
3.63535792e-01	9.46351588e-02	1.48725847e-03
3.63996863e-01	9.46060196e-02	1.48564519e-03
3.64457905e-01	9.58466977e-02	1.48786022e-03
3.64918977e-01	9.39711481e-02	1.48224609e-03
3.65380019e-01	9.39399153e-02	1.48166786e-03
3.65841061e-01	9.30368081e-02	1.47804955e-03
3.66302133e-01	9.31916237e-02	1.47721148e-03
3.66763175e-01	9.28669795e-02	1.47429085e-03
3.67224246e-01	9.18136984e-02	1.47119258e-03
3.67685288e-01	9.20396298e-02	1.47065090e-03
3.68146330e-01	9.22066122e-02	1.46927976e-03
3.68607402e-01	9.28015634e-02	1.46973389e-03
3.69068444e-01	9.19407159e-02	1.46664470e-03
3.69529516e-01	9.22200531e-02	1.46661128e-03
3.69990557e-01	9.11130086e-02	1.46162056e-03
3.70451629e-01	9.19762626e-02	1.46411161e-03
3.70912671e-01	9.13680419e-02	1.46053592e-03
3.71373713e-01	9.14327651e-02	1.45925384e-03
3.71834785e-01	9.05484408e-02	1.45596801e-03
3.72295827e-01	9.18884054e-02	1.45995023e-03
3.72756898e-01	9.02647823e-02	1.45328732e-03
3.73217940e-01	8.97928625e-02	1.45163480e-03
3.73678982e-01	8.81419629e-02	1.44594559e-03
3.74140054e-01	8.85573626e-02	1.44568249e-03
3.74601096e-01	8.97235125e-02	1.44844793e-03
3.75062168e-01	8.83353204e-02	1.44315662e-03
3.75523210e-01	8.89326409e-02	1.44437142e-03
3.75984281e-01	8.90174210e-02	1.44243252e-03
3.76445323e-01	8.98118913e-02	1.44343963e-03
3.76906365e-01	8.90665129e-02	1.44022086e-03
3.77367437e-01	8.76350775e-02	1.43663411e-03
3.77828479e-01	8.56366009e-02	1.43016921e-03
3.78289551e-01	8.72171000e-02	1.43375306e-03
3.78750592e-01	8.61899257e-02	1.43007410e-03
3.79211664e-01	8.64902362e-02	1.42911589e-03
3.79672706e-01	8.72989744e-02	1.42990146e-03
3.80133748e-01	8.63225237e-02	1.42679352e-03
3.80594820e-01	8.68800208e-02	1.42731005e-03
3.81055862e-01	8.58889371e-02	1.42345671e-03
3.81516933e-01	8.48966464e-02	1.41999591e-03
3.81977975e-01	8.63201469e-02	1.42248697e-03
3.82439017e-01	8.74491557e-02	1.42470887e-03
3.82900089e-01	8.59445781e-02	1.42070733e-03
3.83361131e-01	8.42050090e-02	1.41514908e-03
3.83822203e-01	8.48921388e-02	1.41655165e-03
3.84283245e-01	8.39375630e-02	1.41265488e-03
3.84744316e-01	8.36508274e-02	1.41116243e-03
3.85205358e-01	8.53876173e-02	1.41469913e-03
3.85666400e-01	8.51674303e-02	1.41309062e-03
3.86127472e-01	8.38103592e-02	1.40831911e-03
3.86588514e-01	8.33393335e-02	1.40615960e-03
3.87049586e-01	8.33346173e-02	1.40638207e-03
3.87510628e-01	8.40365440e-02	1.40746613e-03
3.87971669e-01	8.41456205e-02	1.40597532e-03
3.88432741e-01	8.47826973e-02	1.40651711e-03
3.88893783e-01	8.40155035e-02	1.40320207e-03
3.89354855e-01	8.51810053e-02	1.40623655e-03
3.89815897e-01	8.38431641e-02	1.40128064e-03
3.90276968e-01	8.47743973e-02	1.40451780e-03
3.90738010e-01	8.39900300e-02	1.40013185e-03
3.91199052e-01	8.56314749e-02	1.40413269e-03
3.91660124e-01	8.44097808e-02	1.39938260e-03
3.92121166e-01	8.47771913e-02	1.40000740e-03
3.92582238e-01	8.58982876e-02	1.40297180e-03
3.93043280e-01	8.43723193e-02	1.39712042e-03
3.93504351e-01	8.38596672e-02	1.39547070e-03
3.93965393e-01	8.15902501e-02	1.38849253e-03
3.94426435e-01	8.16590413e-02	1.38913270e-03
3.94887507e-01	8.03471059e-02	1.38507388e-03
3.95348549e-01	7.95205086e-02	1.38169155e-03
3.95809621e-01	8.02970827e-02	1.38322124e-03
3.96270663e-01	7.87845999e-02	1.37830095e-03
3.96731704e-01	7.86736757e-02	1.37798232e-03
3.97192776e-01	7.89729431e-02	1.37813680e-03
3.97653818e-01	7.87296668e-02	1.37642713e-03
3.98114890e-01	7.84938857e-02	1.37518602e-03
3.98575932e-01	7.90919587e-02	1.37588254e-03
3.99037004e-01	7.82054290e-02	1.37267949e-03
3.99498045e-01	7.70564526e-02	1.36936619e-03
3.99959087e-01	7.81601220e-02	1.37185969e-03
4.00420159e-01	7.84858689e-02	1.37229427e-03
4.00881201e-01	7.70978332e-02	1.36766338e-03
4.01342273e-01	7.73975477e-02	1.36722566e-03
4.01803315e-01	7.87853301e-02	1.37042569e-03
4.02264357e-01	7.74461627e-02	1.36595336e-03
4.02725428e-01	7.67399147e-02	1.36354985e-03
4.03186470e-01	7.64469802e-02	1.36173645e-03
4.03647542e-01	7.72130936e-02	1.36369432e-03
4.04108584e-01	7.60113746e-02	1.36020232e-03
4.04569656e-01	7.52467960e-02	1.35789090e-03
4.05030698e-01	7.58332461e-02	1.35867833e-03
4.05491740e-01	7.54356012e-02	1.35680172e-03
4.05952811e-01	7.42997527e-02	1.35231460e-03
4.06413853e-01	7.55470395e-02	1.35500636e-03
4.06874925e-01	7.53584802e-02	1.35374046e-03
4.07335967e-01	7.54109249e-02	1.35316479e-03
4.07797039e-01	7.52064958e-02	1.35198829e-03
4.08258080e-01	7.45365247e-02	1.35025661e-03
4.08719122e-01	7.38846213e-02	1.34835753e-03
4.09180194e-01	7.27905855e-02	1.34384586e-03
4.09641236e-01	7.42027014e-02	1.34687102e-03
4.10102308e-01	7.50668719e-02	1.34841516e-03
4.10563350e-01	7.40130544e-02	1.34530687e-03
4.11024392e-01	7.23609850e-02	1.33982545e-03
4.11485463e-01	7.32368454e-02	1.34164887e-03
4.11946505e-01	7.22757131e-02	1.33783137e-03
4.12407577e-01	7.24759251e-02	1.33822591e-03
4.12868619e-01	7.30240867e-02	1.33849669e-03
4.13329691e-01	7.33191371e-02	1.33836246e-03
4.13790733e-01	7.20816851e-02	1.33398268e-03
4.14251775e-01	7.17691928e-02	1.33192423e-03
4.14712846e-01	7.33550191e-02	1.33535988e-03
4.15173888e-01	7.21227676e-02	1.33082177e-03
4.15634960e-01	6.98085576e-02	1.32451032e-03
4.16096002e-01	7.23822787e-02	1.33092981e-03
4.16557044e-01	7.28780925e-02	1.32982782e-03
4.17018116e-01	7.22613782e-02	1.32825703e-03
4.17479157e-01	7.00113028e-02	1.32096570e-03
4.17940229e-01	7.09492341e-02	1.32333278e-03
4.18401271e-01	7.07117170e-02	1.32204627e-03
4.18862343e-01	7.06880614e-02	1.32065103e-03
4.19323385e-01	7.10529909e-02	1.32056396e-03
4.19784427e-01	7.13768527e-02	1.32060901e-03
4.20245498e-01	7.10739568e-02	1.31891086e-03
4.20706540e-01	6.93303123e-02	1.31282944e-03
4.21167612e-01	7.11389482e-02	1.31771481e-03
4.21628654e-01	7.04620034e-02	1.31486158e-03
4.22089696e-01	6.94852546e-02	1.31230778e-03
4.22550768e-01	6.85783774e-02	1.30852975e-03
4.23011810e-01	6.98802620e-02	1.31115539e-03
4.23472881e-01	6.87391832e-02	1.30602217e-03
4.23933923e-01	6.92310184e-02	1.30738830e-03
4.24394995e-01	6.88523427e-02	1.30642974e-03
4.24856037e-01	6.82518929e-02	1.30319095e-03
4.25317079e-01	6.85382634e-02	1.30338629e-03
4.25778151e-01	6.82807192e-02	1.30136975e-03
4.26239192e-01	6.78822622e-02	1.30063680e-03
4.26700264e-01	6.77624345e-02	1.29935984e-03
4.27161306e-01	6.90089986e-02	1.30270142e-03
4.27622378e-01	6.69796020e-02	1.29938801e-03
4.28083420e-01	6.77725077e-02	1.30567967e-03
4.28544462e-01	6.73279464e-02	1.30674685e-03
4.29005533e-01	6.66240230e-02	1.30573299e-03
4.29466575e-01	6.65938482e-02	1.30612927e-03
4.29927647e-01	6.74449652e-02	1.30914233e-03
4.30388689e-01	6.81610480e-02	1.31225388e-03
4.30849731e-01	6.69109300e-02	1.30915537e-03
4.31310803e-01	6.75727874e-02	1.31196645e-03
4.31771845e-01	6.63975328e-02	1.30920194e-03
4.32232916e-01	6.59541115e-02	1.31039158e-03
4.32693958e-01	6.47752583e-02	1.30816549e-03
4.33155030e-01	6.66618273e-02	1.31355273e-03
4.33616072e-01	6.63086399e-02	1.31294865e-03
4.34077114e-01	6.54184073e-02	1.31175981e-03
4.34538186e-01	6.51892275e-02	1.31098530e-03
4.34999228e-01	6.61626831e-02	1.31344679e-03
4.35460299e-01	6.63183630e-02	1.31516962e-03
4.35921341e-01	6.53005987e-02	1.31287065e-03
4.36382383e-01	6.52541965e-02	1.31315575e-03
4.36843455e-01	6.48271292e-02	1.31278182e-03
4.37304497e-01	6.50421903e-02	1.31451408e-03
4.37765568e-01	6.49135858e-02	1.31430454e-03
4.38226610e-01	6.47058263e-02	1.31381676e-03
4.38687682e-01	6.49909824e-02	1.31474261e-03
4.39148724e-01	6.44337088e-02	1.31420442e-03
4.39609766e-01	6.35007173e-02	1.31205923e-03
4.40070838e-01	6.45740107e-02	1.31486799e-03
4.40531880e-01	6.36137947e-02	1.31244515e-03
4.40992951e-01	6.39249235e-02	1.31337112e-03
4.41453993e-01	6.44469783e-02	1.31478044e-03
4.41915065e-01	6.43477961e-02	1.31564529e-03
4.42376107e-01	6.27474338e-02	1.31145190e-03
4.42837149e-01	6.30952269e-02	1.31265935e-03
4.43298221e-01	6.49643466e-02	1.31751585e-03
4.43759263e-01	6.39245138e-02	1.31502573e-03
4.44220334e-01	6.30465597e-02	1.31290895e-03
4.44681376e-01	6.50669411e-02	1.31846766e-03
4.45142418e-01	6.44969791e-02	1.31667848e-03
4.45603490e-01	6.34390861e-02	1.31323293e-03
4.46064532e-01	6.30988106e-02	1.31330604e-03
4.46525604e-01	6.35249093e-02	1.31526485e-03
4.46986645e-01	6.41090944e-02	1.31641026e-03
4.47447717e-01	6.32419810e-02	1.31449068e-03
4.47908759e-01	6.16603084e-02	1.31040928e-03
4.48369801e-01	6.24736957e-02	1.31339848e-03
4.48830873e-01	6.23818859e-02	1.31269929e-03
4.49291915e-01	6.14463203e-02	1.31060672e-03
4.49752986e-01	6.06538467e-02	1.30901905e-03
4.50214028e-01	6.17245622e-02	1.31187064e-03
4.50675070e-01	6.20565787e-02	1.31174480e-03
4.51136142e-01	6.29798099e-02	1.31420395e-03
4.51597184e-01	6.31987080e-02	1.31534762e-03
4.52058256e-01	6.17760047e-02	1.31164968e-03
4.52519298e-01	6.21901527e-02	1.31246215e-03
4.52980369e-01	6.19010329e-02	1.31189381e-03
4.53441411e-01	6.19486794e-02	1.31253479e-03
4.53902453e-01	6.18570074e-02	1.31164794e-03
4.54363525e-01	6.13883436e-02	1.31107867e-03
4.54824567e-01	6.11912198e-02	1.31134863e-03
4.55285639e-01	6.10839948e-02	1.31048611e-03
4.55746680e-01	6.10586703e-02	1.31054525e-03
4.56207752e-01	6.09138012e-02	1.31068367e-03
4.56668794e-01	6.01666346e-02	1.30933570e-03
4.57129836e-01	6.02498353e-02	1.30964187e-03
4.57590908e-01	5.92330806e-02	1.30672986e-03
4.58051950e-01	5.91759384e-02	1.30630168e-03
4.58513021e-01	6.02813475e-02	1.30943698e-03
4.58974063e-01	5.95837645e-02	1.30794535e-03
4.59435105e-01	6.01775758e-02	1.30937435e-03
4.59896177e-01	6.06446341e-02	1.31062069e-03
4.60357219e-01	5.97827211e-02	1.30788027e-03
4.60818291e-01	5.98491617e-02	1.30821113e-03
4.61279333e-01	6.11879714e-02	1.31254713e-03
4.61740404e-01	6.00390434e-02	1.30877178e-03
4.62201446e-01	6.02567792e-02	1.30988553e-03
4.62662488e-01	6.04511276e-02	1.31392793e-03
4.63123560e-01	5.84583580e-02	1.31674297e-03
4.63584602e-01	5.90988025e-02	1.32426142e-03
4.64045674e-01	5.91640696e-02	1.32756145e-03
4.64506716e-01	5.90755232e-02	1.33047323e-03
4.64967757e-01	5.88827543e-02	1.33281597e-03
4.65428829e-01	5.83806336e-02	1.33465114e-03
4.65889871e-01	5.81081733e-02	1.33502181e-03
4.66350943e-01	5.90162650e-02	1.33865490e-03
4.66811985e-01	5.81656881e-02	1.33727514e-03
4.67273057e-01	5.90502396e-02	1.34280871e-03
4.67734098e-01	5.82851470e-02	1.34221592e-03
4.68195140e-01	5.79116419e-02	1.34373398e-03
4.68656212e-01	5.76045290e-02	1.34473201e-03
4.69117254e-01	5.78765459e-02	1.34645950e-03
4.69578326e-01	5.76501116e-02	1.34719186e-03
4.70039368e-01	5.77309355e-02	1.34912285e-03
4.70500439e-01	5.74886985e-02	1.34963566e-03
4.70961481e-01	5.89369126e-02	1.35593489e-03
4.71422523e-01	5.70960045e-02	1.35132135e-03
4.71883595e-01	5.73136806e-02	1.35312160e-03
4.72344637e-01	5.82492724e-02	1.35775073e-03
4.72805709e-01	5.73247857e-02	1.35630486e-03
4.73266751e-01	5.73221557e-02	1.35711557e-03
4.73727793e-01	5.75669780e-02	1.35957310e-03
4.74188864e-01	5.70027120e-02	1.35869370e-03
4.74649906e-01	5.65170944e-02	1.35798403e-03
4.75110978e-01	5.68827279e-02	1.36018510e-03
4.75572020e-01	5.71991280e-02	1.36082305e-03
4.76033092e-01	5.78847826e-02	1.36373355e-03
4.76494133e-01	5.69095798e-02	1.36204355e-03
4.76955175e-01	5.57980426e-02	1.35924167e-03
4.77416247e-01	5.59177995e-02	1.35984481e-03
4.77877289e-01	5.72458729e-02	1.36444694e-03
4.78338361e-01	5.61153181e-02	1.36095460e-03
4.78799403e-01	5.63013926e-02	1.36246881e-03
4.79260445e-01	5.55332117e-02	1.36034377e-03
4.79721516e-01	5.54060414e-02	1.36055995e-03
4.80182558e-01	5.72810955e-02	1.36642286e-03
4.80643630e-01	5.56026772e-02	1.36210979e-03
4.81104672e-01	5.58762550e-02	1.36378955e-03
4.81565744e-01	5.62793091e-02	1.36462401e-03
4.82026786e-01	5.60816750e-02	1.36441016e-03
4.82487828e-01	5.64603433e-02	1.36523426e-03
4.82948899e-01	5.52474186e-02	1.36338896e-03
4.83409941e-01	5.49141280e-02	1.36393972e-03
4.83871013e-01	5.48396334e-02	1.36339176e-03
4.84332055e-01	5.46043403e-02	1.36363995e-03
4.84793127e-01	5.41825108e-02	1.36277778e-03
4.85254169e-01	5.39994650e-02	1.36288372e-03
4.85715210e-01	5.47562242e-02	1.36631238e-03
4.86176282e-01	5.43860495e-02	1.36606372e-03
4.86637324e-01	5.44239692e-02	1.36555161e-03
4.87098396e-01	5.54197840e-02	1.36907143e-03
4.87559438e-01	5.44770472e-02	1.36662205e-03
4.88020480e-01	5.57010099e-02	1.37163117e-03
4.88481551e-01	5.39259501e-02	1.36698293e-03
4.88942593e-01	5.48872352e-02	1.37085468e-03
4.89403665e-01	5.46789095e-02	1.36926211e-03
4.89864707e-01	5.53840622e-02	1.37271138e-03
4.90325779e-01	5.45260496e-02	1.37099787e-03
4.90786821e-01	5.47622927e-02	1.37255352e-03
4.91247863e-01	5.33115976e-02	1.36930891e-03
4.91708934e-01	5.33639193e-02	1.37023418e-03
4.92169976e-01	5.42138815e-02	1.37303362e-03
4.92631048e-01	5.26504926e-02	1.36870483e-03
4.93092090e-01	5.33294678e-02	1.37226167e-03
4.93553132e-01	5.39286323e-02	1.37361651e-03
4.94014204e-01	5.45974076e-02	1.37585565e-03
4.94475245e-01	5.40499501e-02	1.37556379e-03
4.94936317e-01	5.34312911e-02	1.37411524e-03
4.95397359e-01	5.37917688e-02	1.37551129e-03
4.95858431e-01	5.35225496e-02	1.37484923e-03
4.96319473e-01	5.26142642e-02	1.37349986e-03
4.96780515e-01	5.31934388e-02	1.37636694e-03
4.97241586e-01	5.30149639e-02	1.37506530e-03
4.97702628e-01	5.46097867e-02	1.38134183e-03
4.98163700e-01	5.30641675e-02	1.37701607e-03
4.98624742e-01	5.20230308e-02	1.37542130e-03
4.99085814e-01	5.07257506e-02	1.37231732e-03
4.99546856e-01	5.19569926e-02	1.37662468e-03
5.00007927e-01	5.15979640e-02	1.37539196e-03
5.00468969e-01	5.20300977e-02	1.37723633e-03
5.00930011e-01	5.23938537e-02	1.37905811e-03
5.01391053e-01	5.20655103e-02	1.37867674e-03
5.01852155e-01	5.23190796e-02	1.38035067e-03
5.02313197e-01	5.23082800e-02	1.38022180e-03
5.02774239e-01	5.36197722e-02	1.38437143e-03
5.03235281e-01	5.29953465e-02	1.38354581e-03
5.03696322e-01	5.23510985e-02	1.38223218e-03
5.04157424e-01	5.23988418e-02	1.38256536e-03
5.04618466e-01	5.14769852e-02	1.38077990e-03
5.05079508e-01	5.14649339e-02	1.38136477e-03
5.05540550e-01	5.16802147e-02	1.38355722e-03
5.06001592e-01	5.10955974e-02	1.38195534e-03
5.06462693e-01	4.99145649e-02	1.37914554e-03
5.06923735e-01	5.01294546e-02	1.38040190e-03
5.07384777e-01	5.15471920e-02	1.38437492e-03
5.07845819e-01	5.11032864e-02	1.38491741e-03
5.08306861e-01	5.10788783e-02	1.38401729e-03
5.08767962e-01	5.26530817e-02	1.38860510e-03
5.09229004e-01	5.08705489e-02	1.38495350e-03
5.09690046e-01	5.05411923e-02	1.38495478e-03
5.10151088e-01	5.05737960e-02	1.38539460e-03
5.10612190e-01	5.02806380e-02	1.38509017e-03
5.11073232e-01	5.05233184e-02	1.38600147e-03
5.11534274e-01	5.11223301e-02	1.38909533e-03
5.11995316e-01	5.01357540e-02	1.38631067e-03
5.12456357e-01	5.01291528e-02	1.38746540e-03
5.12917459e-01	4.96793725e-02	1.38639205e-03
5.13378501e-01	4.99914810e-02	1.38878578e-03
5.13839543e-01	4.94378544e-02	1.38709217e-03
5.14300585e-01	5.01732342e-02	1.38981990e-03
5.14761627e-01	4.98709716e-02	1.38879102e-03
5.15222728e-01	4.96577509e-02	1.38904550e-03
5.15683770e-01	4.95570041e-02	1.38839742e-03
5.16144812e-01	4.94072847e-02	1.38840917e-03
5.16605854e-01	4.90620621e-02	1.38853875e-03
5.17066896e-01	4.86912243e-02	1.38722709e-03
5.17527997e-01	4.89743203e-02	1.38809578e-03
5.17989039e-01	4.89495173e-02	1.38842524e-03
5.18450081e-01	4.81942818e-02	1.38541381e-03
5.18911123e-01	4.95337136e-02	1.39091781e-03
5.19372165e-01	4.82266918e-02	1.38639438e-03
5.19833267e-01	4.85935546e-02	1.38811755e-03
5.20294309e-01	4.95034084e-02	1.39052444e-03
5.20755351e-01	4.86210287e-02	1.38773094e-03
5.21216393e-01	4.80952896e-02	1.38737622e-03
5.21677494e-01	4.77017201e-02	1.38652103e-03
5.22138536e-01	4.74673174e-02	1.38619519e-03
5.22599578e-01	4.82436717e-02	1.38877239e-03
5.23060620e-01	4.77349050e-02	1.38608436e-03
5.23521662e-01	4.81085368e-02	1.38824759e-03
5.23982763e-01	4.66972329e-02	1.38429529e-03
5.24443805e-01	4.83837426e-02	1.38983247e-03
5.24904847e-01	4.83190008e-02	1.38958555e-03
5.25365889e-01	4.74560484e-02	1.38704106e-03
5.25826931e-01	4.71665561e-02	1.38743070e-03
5.26288033e-01	4.67612743e-02	1.38707599e-03
5.26749074e-01	4.68622260e-02	1.38796784e-03
5.27210116e-01	4.68079820e-02	1.38795620e-03
5.27671158e-01	4.81850058e-02	1.39272655e-03
5.28132200e-01	4.76131663e-02	1.39150245e-03
5.28593302e-01	4.65587936e-02	1.38879067e-03
5.29054344e-01	4.62169535e-02	1.38780335e-03
5.29515386e-01	4.63308208e-02	1.38905062e-03
5.29976428e-01	4.59482633e-02	1.38803362e-03
5.30437529e-01	4.71710451e-02	1.39203877e-03
5.30898571e-01	4.67789620e-02	1.39115518e-03
5.31359613e-01	4.66918647e-02	1.39089325e-03
5.31820655e-01	4.67006564e-02	1.39234599e-03
5.32281697e-01	4.55631688e-02	1.38961361e-03
5.32742798e-01	4.65518944e-02	1.39230664e-03
5.33203840e-01	4.64516208e-02	1.39212445e-03
5.33664882e-01	4.78596091e-02	1.40442385e-03
5.34125924e-01	4.70478088e-02	1.40935602e-03
5.34586966e-01	4.77676578e-02	1.41748716e-03
5.35048068e-01	4.60470095e-02	1.41387782e-03
5.35509109e-01	4.63916734e-02	1.41815783e-03
5.35970151e-01	4.62617092e-02	1.41998962e-03
5.36431193e-01	4.61843871e-02	1.42363331e-03
5.36892235e-01	4.47431169e-02	1.42275798e-03
5.37353337e-01	4.53595892e-02	1.42826128e-03
5.37814379e-01	4.55348827e-02	1.43070053e-03
5.38275421e-01	4.56613302e-02	1.43422955e-03
5.38736463e-01	4.60076258e-02	1.43787451e-03
5.39197505e-01	4.74098995e-02	1.44424639e-03
5.39658606e-01	4.62145135e-02	1.44229806e-03
5.40119648e-01	4.63802032e-02	1.44618540e-03
5.40580690e-01	4.51464728e-02	1.44386257e-03
5.41041732e-01	4.55604419e-02	1.44880125e-03
5.41502833e-01	4.60629240e-02	1.45153620e-03
5.41963875e-01	4.68838625e-02	1.46552071e-03
5.42424917e-01	4.57973070e-02	1.47621729e-03
5.42885959e-01	4.60401103e-02	1.48728315e-03
5.43347001e-01	4.41412739e-02	1.48886372e-03
5.43808103e-01	4.46287654e-02	1.49813318e-03
5.44269145e-01	4.44338284e-02	1.50302902e-03
5.44730186e-01	4.49639037e-02	1.50997564e-03
5.45191228e-01	4.45246398e-02	1.51292293e-03
5.45652270e-01	4.56945151e-02	1.52335456e-03
5.46113372e-01	4.57051024e-02	1.52881944e-03
5.46574414e-01	4.43622023e-02	1.53010502e-03
5.47035456e-01	4.46934327e-02	1.53679971e-03
5.47496498e-01	4.55108993e-02	1.54461886e-03
5.47957540e-01	4.49884012e-02	1.54935138e-03
5.48418641e-01	4.37445417e-02	1.54978666e-03
5.48879683e-01	4.43929434e-02	1.55833946e-03
5.49340725e-01	4.44558002e-02	1.56332855e-03
5.49801767e-01	4.40269969e-02	1.56517490e-03
5.50262868e-01	4.44809943e-02	1.57247146e-03
5.50723910e-01	4.29519787e-02	1.57230184e-03
5.51184952e-01	4.37480956e-02	1.58061530e-03
5.51645994e-01	4.37224582e-02	1.58452359e-03
5.52107036e-01	4.37170193e-02	1.58835796e-03
5.52568138e-01	4.50560749e-02	1.59857015e-03
5.53029180e-01	4.43930738e-02	1.60033000e-03
5.53490222e-01	4.51229401e-02	1.60803902e-03
5.53951263e-01	4.37497683e-02	1.60843483e-03
5.54412305e-01	4.29947861e-02	1.61042041e-03
5.54873407e-01	4.34470251e-02	1.61668321e-03
5.55334449e-01	4.38456312e-02	1.62154157e-03
5.55795491e-01	4.47110645e-02	1.62943359e-03
5.56256533e-01	4.37677652e-02	1.63002254e-03
5.56717575e-01	4.43102941e-02	1.63627358e-03
5.57178676e-01	4.33544628e-02	1.63874705e-03
5.57639718e-01	4.32741269e-02	1.64396618e-03
5.58100760e-01	4.34705690e-02	1.64857658e-03
5.58561802e-01	4.30084467e-02	1.65090209e-03
5.59022903e-01	4.19373550e-02	1.65240094e-03
5.59483945e-01	4.24358435e-02	1.65924523e-03
5.59944987e-01	4.27277759e-02	1.66328461e-03
5.60406029e-01	4.29203436e-02	1.66965998e-03
5.60867071e-01	4.14322615e-02	1.66888605e-03
5.61328173e-01	4.14709523e-02	1.67300180e-03
5.61789215e-01	4.25074361e-02	1.68141944e-03
5.62250257e-01	4.25079241e-02	1.68510189e-03
5.62711298e-01	4.28770967e-02	1.69113779e-03
5.63172340e-01	4.15246859e-02	1.69023033e-03
5.63633442e-01	4.19512019e-02	1.69714657e-03
5.64094484e-01	4.23286073e-02	1.70280191e-03
5.64555526e-01	4.17952277e-02	1.70467631e-03
5.65016568e-01	4.34315205e-02	1.71660818e-03
5.65477610e-01	4.15249057e-02	1.71322783e-03
5.65938711e-01	4.17891145e-02	1.71968434e-03
5.66399753e-01	4.16204259e-02	1.72235072e-03
5.66860795e-01	4.16890047e-02	1.72671839e-03
5.67321837e-01	4.28263806e-02	1.73648947e-03
5.67782879e-01	4.23045717e-02	1.73917902e-03
5.68243980e-01	4.26783487e-02	1.74456951e-03
5.68705022e-01	4.33334112e-02	1.75209460e-03
5.69166064e-01	4.11997810e-02	1.74737314e-03
5.69627106e-01	4.22276594e-02	1.75697671e-03
5.70088208e-01	4.26418595e-02	1.76368211e-03
5.70549250e-01	4.08396609e-02	1.76011340e-03
5.71010292e-01	4.05280292e-02	1.76397024e-03
5.71471334e-01	4.15042862e-02	1.77332875e-03
5.71932375e-01	4.13876548e-02	1.77765789e-03
5.72393477e-01	4.14486378e-02	1.78090890e-03
5.72854519e-01	4.06026766e-02	1.78117701e-03
5.73315561e-01	4.10722643e-02	1.78836880e-03
5.73776603e-01	4.03292030e-02	1.78772421e-03
5.74237645e-01	4.04505171e-02	1.79131306e-03
5.74698746e-01	4.24694195e-02	1.80330686e-03
5.75159788e-01	4.14285921e-02	1.80291221e-03
5.75620830e-01	4.08702083e-02	1.80569198e-03
5.76081872e-01	4.02245149e-02	1.80425192e-03
5.76542914e-01	4.26178537e-02	1.81835820e-03
5.77004015e-01	4.13151681e-02	1.81570672e-03
5.77465057e-01	4.02539149e-02	1.81630254e-03
5.77926099e-01	3.99886034e-02	1.81920978e-03
5.78387141e-01	4.04696986e-02	1.82501972e-03
5.78848243e-01	4.01923284e-02	1.82818715e-03
5.79309285e-01	4.03828695e-02	1.83327647e-03
5.79770327e-01	4.03590836e-02	1.83789805e-03
5.80231369e-01	4.09242399e-02	1.84541976e-03
5.80692410e-01	4.08468507e-02	1.84891117e-03
5.81153512e-01	4.03172672e-02	1.85224041e-03
5.81614554e-01	4.03292775e-02	1.85730087e-03
5.82075596e-01	4.03340235e-02	1.86264166e-03
5.82536638e-01	3.93298939e-02	1.86289626e-03
5.82997680e-01	3.93166617e-02	1.86784938e-03
5.83458781e-01	3.91080007e-02	1.87070330e-03
5.83919823e-01	4.01707143e-02	1.88166334e-03
5.84380865e-01	3.87308262e-02	1.87993736e-03
5.84841907e-01	4.08624336e-02	1.89468893e-03
5.85302949e-01	3.96224149e-02	1.89247727e-03
5.85764050e-01	3.84845845e-02	1.89347868e-03
5.86225092e-01	3.86773758e-02	1.89942145e-03
5.86686134e-01	3.98429744e-02	1.90985831e-03
5.87147176e-01	3.93910818e-02	1.91227195e-03
5.87608278e-01	3.86283435e-02	1.91327929e-03
5.88069320e-01	3.97039168e-02	1.92350429e-03
5.88530362e-01	3.99850011e-02	1.92819128e-03
5.88991404e-01	3.91305983e-02	1.93161482e-03
5.89452446e-01	3.88668329e-02	1.93604396e-03
5.89913547e-01	4.06407006e-02	1.94812287e-03
5.90374589e-01	3.82880643e-02	1.94428116e-03
5.90835631e-01	3.77920941e-02	1.94727653e-03
5.91296673e-01	4.01069410e-02	1.96303730e-03
5.91757715e-01	3.88002880e-02	1.96180167e-03
5.92218816e-01	3.79520245e-02	1.96335977e-03
5.92679858e-01	3.86324637e-02	1.97247043e-03
5.93140900e-01	3.89953963e-02	1.97910983e-03
5.93601942e-01	3.85675952e-02	1.98129355e-03
5.94062984e-01	3.99307609e-02	1.99295417e-03
5.94524086e-01	3.88225019e-02	1.99244590e-03
5.94985127e-01	3.88322249e-02	1.99856376e-03
5.95446169e-01	3.85790057e-02	2.00370094e-03
5.95907211e-01	3.91796902e-02	2.01257085e-03
5.96368253e-01	3.88753638e-02	2.01607286e-03
5.96829355e-01	3.92650813e-02	2.02334160e-03
5.97290397e-01	3.98240313e-02	2.03258870e-03
5.97751439e-01	3.87809463e-02	2.03268020e-03
5.98212481e-01	4.05941270e-02	2.04678299e-03
5.98673582e-01	3.92776541e-02	2.04624655e-03
5.99134624e-01	3.87016125e-02	2.04996322e-03
5.99595666e-01	3.93449292e-02	2.05890276e-03
6.00056708e-01	3.84674557e-02	2.05898215e-03
6.00517750e-01	3.89655009e-02	2.06886814e-03
6.00978851e-01	3.86285931e-02	2.07305606e-03
6.01439893e-01	3.94489244e-02	2.08256068e-03
6.01900935e-01	3.89391594e-02	2.08533928e-03
6.02361977e-01	3.83708403e-02	2.08845618e-03
6.02823019e-01	3.73684429e-02	2.08984129e-03
6.03284121e-01	3.79726961e-02	2.09968607e-03
6.03745162e-01	3.87959443e-02	2.10842746e-03
6.04206204e-01	3.84431705e-02	2.11415812e-03
6.04667246e-01	3.79279256e-02	2.11806898e-03
6.05128288e-01	3.92494053e-02	2.13131076e-03
6.05589390e-01	3.81194055e-02	2.13055080e-03
6.06050432e-01	3.73002067e-02	2.13042158e-03
6.06511474e-01	3.91334668e-02	2.14750785e-03
6.06972516e-01	3.68701145e-02	2.13867333e-03
6.07433617e-01	3.63039114e-02	2.14019767e-03
6.07894659e-01	3.79288904e-02	2.15526624e-03
6.08355701e-01	3.82558778e-02	2.16115126e-03
6.08816743e-01	3.83613184e-02	2.16490682e-03
6.09277785e-01	3.98708358e-02	2.17896840e-03
6.09738886e-01	3.77830453e-02	2.17312155e-03
6.10199928e-01	3.79737243e-02	2.18055071e-03
6.10660970e-01	3.75130698e-02	2.18274537e-03
6.11122012e-01	3.79860476e-02	2.19137734e-03
6.11583054e-01	3.77568305e-02	2.19379272e-03
6.12044156e-01	3.69965360e-02	2.19785026e-03
6.12505198e-01	3.60411294e-02	2.19696388e-03
6.12966239e-01	3.80191989e-02	2.21271929e-03
6.13427281e-01	3.67893428e-02	2.21046107e-03
6.13888323e-01	3.75500098e-02	2.22113682e-03
6.14349425e-01	3.61731797e-02	2.22015404e-03
6.14810467e-01	3.68400663e-02	2.23000208e-03
6.15271509e-01	3.62577140e-02	2.23421399e-03
6.15732551e-01	3.67891677e-02	2.24429509e-03
6.16193652e-01	3.76289114e-02	2.25488236e-03
6.16654694e-01	3.67823020e-02	2.25739437e-03
6.17115736e-01	3.59900706e-02	2.26283679e-03
6.17576778e-01	3.60118300e-02	2.26952042e-03
6.18037820e-01	3.69072966e-02	2.28278409e-03
6.18498921e-01	3.70599367e-02	2.28993362e-03
6.18959963e-01	3.68296206e-02	2.29532411e-03
6.19421005e-01	3.66328917e-02	2.30141962e-03
6.19882047e-01	3.72721776e-02	2.31151236e-03
6.20343089e-01	3.73395011e-02	2.32102722e-03
6.20804191e-01	3.56992371e-02	2.32127029e-03
6.21265233e-01	3.50787528e-02	2.32468685e-03
6.21726274e-01	3.63093875e-02	2.34025856e-03
6.22187316e-01	3.58393006e-02	2.34310771e-03
6.22648358e-01	3.65026295e-02	2.35498627e-03
6.23109460e-01	3.62546071e-02	2.36140680e-03
6.23570502e-01	3.58098522e-02	2.36745598e-03
6.24031544e-01	3.58851776e-02	2.37672636e-03
6.24492586e-01	3.63574401e-02	2.38544354e-03
6.24953628e-01	3.61959375e-02	2.39511719e-03
6.25414729e-01	3.40044014e-02	2.39169900e-03
6.25875771e-01	3.52890790e-02	2.40878644e-03
6.26336813e-01	3.52652185e-02	2.41574575e-03
6.26797855e-01	3.51267233e-02	2.42234720e-03
6.27258956e-01	3.45980451e-02	2.42905598e-03
6.27719998e-01	3.49675901e-02	2.43888935e-03
6.28181040e-01	3.36100161e-02	2.44157715e-03
6.28642082e-01	3.56127843e-02	2.45939055e-03
6.29103124e-01	3.65658402e-02	2.47160066e-03
6.29564226e-01	3.51146050e-02	2.47548916e-03
6.30025268e-01	3.48598883e-02	2.48162332e-03
6.30486310e-01	3.46585177e-02	2.48613278e-03
6.30947351e-01	3.58043499e-02	2.50193663e-03
6.31408393e-01	3.52977477e-02	2.50558415e-03
6.31869495e-01	3.56888771e-02	2.51540844e-03
6.32330537e-01	3.61609459e-02	2.52478756e-03
6.32791579e-01	3.55072580e-02	2.52803531e-03
6.33252621e-01	3.57138589e-02	2.53727520e-03
6.33713663e-01	3.56851146e-02	2.54386058e-03
6.34174764e-01	3.78619134e-02	2.56609381e-03
6.34635806e-01	3.36150303e-02	2.54630367e-03
6.35096848e-01	3.52872983e-02	2.56848847e-03
6.35557890e-01	3.42350453e-02	2.56727589e-03
6.36018991e-01	3.64648290e-02	2.58946465e-03
6.36480033e-01	3.49322446e-02	2.58547300e-03
6.36941075e-01	3.54087651e-02	2.60002422e-03
6.37402117e-01	3.55319791e-02	2.60975678e-03
6.37863159e-01	3.39940414e-02	2.60593323e-03
6.38324261e-01	3.45969275e-02	2.61883950e-03
6.38785303e-01	3.67696248e-02	2.63698399e-03
6.39246345e-01	3.56756747e-02	2.63817748e-03
6.39707386e-01	3.62523384e-02	2.65483279e-03
6.40168428e-01	3.59070301e-02	2.66073877e-03
6.40629530e-01	3.28454189e-02	2.65230099e-03
6.41090572e-01	3.34682986e-02	2.66295159e-03
6.41551614e-01	3.59162353e-02	2.68588355e-03
6.42012656e-01	3.47269215e-02	2.68810126e-03
6.42473698e-01	3.54808718e-02	2.70087575e-03
6.42934799e-01	3.38274911e-02	2.70093139e-03
6.43395841e-01	3.35653089e-02	2.71016406e-03
6.43856883e-01	3.36256959e-02	2.71750847e-03
6.44317925e-01	3.40800770e-02	2.73141754e-03
6.44779027e-01	3.30980681e-02	2.73425924e-03
6.45240068e-01	3.36681791e-02	2.74804560e-03
6.45701110e-01	3.46431881e-02	2.76101031e-03
6.46162152e-01	3.52085643e-02	2.77340505e-03
6.46623194e-01	3.20172496e-02	2.76463060e-03
6.47084296e-01	3.13899405e-02	2.76894262e-03
6.47545338e-01	3.48271579e-02	2.80075776e-03
6.48006380e-01	3.39330025e-02	2.80600204e-03
6.48467422e-01	3.22063640e-02	2.80728284e-03
6.48928463e-01	3.18790004e-02	2.81246705e-03
6.49389565e-01	3.43958810e-02	2.83558341e-03
6.49850607e-01	3.54507342e-02	2.85350415e-03
6.50311649e-01	3.49993929e-02	2.86264205e-03
6.50772691e-01	3.45945321e-02	2.87012779e-03
6.51233733e-01	3.40045393e-02	2.87973322e-03
6.51694834e-01	3.33196148e-02	2.88509903e-03
6.52155876e-01	3.31117213e-02	2.89244368e-03
6.52616918e-01	3.27904299e-02	2.90010055e-03
6.53077960e-01	3.34383585e-02	2.91979616e-03
6.53539002e-01	3.19119170e-02	2.92152469e-03
6.54000103e-01	3.31613198e-02	2.93987477e-03
6.54461145e-01	3.44893113e-02	2.96202698e-03
6.54922187e-01	3.30874361e-02	2.95914942e-03
6.55383229e-01	3.25694941e-02	2.96971598e-03
6.55844331e-01	3.07582170e-02	2.96605052e-03
6.56305373e-01	3.38094085e-02	3.00327525e-03
6.56766415e-01	3.23766097e-02	3.00254975e-03
6.57227457e-01	3.30229960e-02	3.01561132e-03
6.57688498e-01	3.41640189e-02	3.04184970e-03
6.58149600e-01	3.06812972e-02	3.02849617e-03
6.58610642e-01	3.22979167e-02	3.05435131e-03
6.59071684e-01	3.31029780e-02	3.07101337e-03
6.59532726e-01	3.35448831e-02	3.08411266e-03
6.59993768e-01	3.37262936e-02	3.09679890e-03
6.60454869e-01	3.21996585e-02	3.09979287e-03
6.60915911e-01	3.26998718e-02	3.11577274e-03
6.61376953e-01	3.30282822e-02	3.13322106e-03
6.61837995e-01	3.22620533e-02	3.14145861e-03
6.62299037e-01	3.32442038e-02	3.16246180e-03
6.62760139e-01	3.28484252e-02	3.17511335e-03
6.63221180e-01	3.37950885e-02	3.19218123e-03
6.63682222e-01	3.20532247e-02	3.19489837e-03
6.64143264e-01	3.25771682e-02	3.21414322e-03
6.64604366e-01	3.34286727e-02	3.23141506e-03
6.65065408e-01	3.27089019e-02	3.23917833e-03
6.65526450e-01	3.26903537e-02	3.24966642e-03
6.65987492e-01	3.41443382e-02	3.27935186e-03
6.66448534e-01	3.34217623e-02	3.28631373e-03
6.66909635e-01	3.32304686e-02	3.30187241e-03
6.67370677e-01	3.46724018e-02	3.33326380e-03
6.67831719e-01	3.13641056e-02	3.31761874e-03
6.68292761e-01	3.06502022e-02	3.33288265e-03
6.68753803e-01	3.21415141e-02	3.35735013e-03
6.69214904e-01	3.24228555e-02	3.37341661e-03
6.69675946e-01	3.12456079e-02	3.38822231e-03
6.70136988e-01	3.13774422e-02	3.40328249e-03
6.70598030e-01	3.03279515e-02	3.40896170e-03
6.71059072e-01	3.21315378e-02	3.44323996e-03
6.71520174e-01	3.13812494e-02	3.45449150e-03
6.71981215e-01	3.27463821e-02	3.48369777e-03
6.72442257e-01	3.38548645e-02	3.50285508e-03
6.72903299e-01	3.40002403e-02	3.52553837e-03
6.73364401e-01	3.18448022e-02	3.52723105e-03
6.73825443e-01	3.07070352e-02	3.53829074e-03
6.74286485e-01	3.11368369e-02	3.56149999e-03
6.74747527e-01	3.26858461e-02	3.58274695e-03
6.75208569e-01	3.44349183e-02	3.62260523e-03
6.75669670e-01	3.39124128e-02	3.63898836e-03
6.76130712e-01	3.25787477e-02	3.64968600e-03
6.76591754e-01	3.22412662e-02	3.67149268e-03
6.77052796e-01	3.01172938e-02	3.66950361e-03
6.77513838e-01	3.21061984e-02	3.71176004e-03
6.77974939e-01	3.12023070e-02	3.72099178e-03
6.78435981e-01	2.96459310e-02	3.73231107e-03
6.78897023e-01	3.13687399e-02	3.76636162e-03
6.79358065e-01	3.27452198e-02	3.80217284e-03
6.79819107e-01	3.34405228e-02	3.83508508e-03
6.80280209e-01	3.33378240e-02	3.85023654e-03
6.80741251e-01	3.34326178e-02	3.88440117e-03
6.81202292e-01	2.99473740e-02	3.87422438e-03
6.81663334e-01	2.90333983e-02	3.88453458e-03
6.82124376e-01	3.18434946e-02	3.94358672e-03
6.82585478e-01	3.22821811e-02	3.97027424e-03
6.83046520e-01	3.02555673e-02	3.97548825e-03
6.83507562e-01	2.98143215e-02	3.99213796e-03
6.83968604e-01	3.31855789e-02	4.05469676e-03
6.84429705e-01	3.12729143e-02	4.06450313e-03
6.84890747e-01	3.41343917e-02	4.11547348e-03
6.85351789e-01	3.30734588e-02	4.14263364e-03
6.85812831e-01	2.97026988e-02	4.14055400e-03
6.86273873e-01	3.00571769e-02	4.17169835e-03
6.86734974e-01	3.26565690e-02	4.22863755e-03
6.87196016e-01	3.16962190e-02	4.24491195e-03
6.87657058e-01	3.08654942e-02	4.27517528e-03
6.88118100e-01	3.24189030e-02	4.31703916e-03
6.88579142e-01	3.38231027e-02	4.36159316e-03
6.89040244e-01	3.48254032e-02	4.41397261e-03
6.89501286e-01	3.05950250e-02	4.39939508e-03
6.89962327e-01	3.07101067e-02	4.43946943e-03
6.90423369e-01	3.21884379e-02	4.47311485e-03
6.90884411e-01	3.33782509e-02	4.50555841e-03
6.91345513e-01	3.47188599e-02	4.55463072e-03
6.91806555e-01	3.32509130e-02	4.56385873e-03
6.92267597e-01	3.09282504e-02	4.57495172e-03
6.92728639e-01	2.95834392e-02	4.57931357e-03
6.93189740e-01	3.16758640e-02	4.63020196e-03
6.93650782e-01	3.11654024e-02	4.64780768e-03
6.94111824e-01	3.32074948e-02	4.68905270e-03
6.94572866e-01	3.20232213e-02	4.71901149e-03
6.95033908e-01	2.94907894e-02	4.72441595e-03
6.95495009e-01	3.02435048e-02	4.75422153e-03
6.95956051e-01	3.03859357e-02	4.79318528e-03
6.96417093e-01	3.16340774e-02	4.83797211e-03
6.96878135e-01	3.25442143e-02	4.88245999e-03
6.97339177e-01	3.06882448e-02	4.88622207e-03
6.97800279e-01	3.29729393e-02	4.94952779e-03
6.98261321e-01	3.07423715e-02	4.95116087e-03
6.98722363e-01	2.95948498e-02	4.96462779e-03
6.99183404e-01	3.01273353e-02	5.02186688e-03
6.99644446e-01	3.17049772e-02	5.07045165e-03
7.00105548e-01	3.13903131e-02	5.09017427e-03
7.00566590e-01	3.31204496e-02	5.17081190e-03
7.01027632e-01	3.02019175e-02	5.15560526e-03
7.01488674e-01	3.02674919e-02	5.19407913e-03
7.01949775e-01	2.97397729e-02	5.23326732e-03
7.02410817e-01	2.82568783e-02	5.26217557e-03
7.02871859e-01	2.80141588e-02	5.29094739e-03
7.03332901e-01	3.28418128e-02	5.39663853e-03
7.03793943e-01	2.93041263e-02	5.39449090e-03
7.04255044e-01	2.92714797e-02	5.43937134e-03
7.04716086e-01	2.85086520e-02	5.46736736e-03
7.05177128e-01	2.66500618e-02	5.48940105e-03
7.05638170e-01	2.85079870e-02	5.56991808e-03
7.06099212e-01	2.82771494e-02	5.58932219e-03
7.06560314e-01	3.27828750e-02	5.67514682e-03
7.07021356e-01	3.00500877e-02	5.67677990e-03
7.07482398e-01	2.93741934e-02	5.69479540e-03
7.07943439e-01	2.78426167e-02	5.69481822e-03
7.08404481e-01	2.95324661e-02	5.75020351e-03
7.08865583e-01	3.21600363e-02	5.80121996e-03
7.09326625e-01	3.00215781e-02	5.80154266e-03
7.09787667e-01	2.97246873e-02	5.81549620e-03
7.10248709e-01	3.41145135e-02	5.90083376e-03
7.10709751e-01	3.29429395e-02	5.93415182e-03
7.11170852e-01	3.07212416e-02	5.92006324e-03
7.11631894e-01	2.80798618e-02	5.91797056e-03
7.12092936e-01	3.04625817e-02	5.99523354e-03
7.12553978e-01	2.79117133e-02	5.98169444e-03
7.13015079e-01	2.95154843e-02	6.02238346e-03
7.13476121e-01	2.83363871e-02	6.03046454e-03
7.13937163e-01	3.02035864e-02	6.10558596e-03
7.14398205e-01	2.87389066e-02	6.10578433e-03
7.14859247e-01	3.02604046e-02	6.17138622e-03
7.15320349e-01	3.11216414e-02	6.20581722e-03
7.15781391e-01	3.00209410e-02	6.21812185e-03
7.16242433e-01	3.25442180e-02	6.30927738e-03
7.16703475e-01	2.96673663e-02	6.29005209e-03
7.17164516e-01	2.98639871e-02	6.31953543e-03
7.17625618e-01	2.98522059e-02	6.38030376e-03
7.18086660e-01	2.73386482e-02	6.36529038e-03
7.18547702e-01	2.74655465e-02	6.42028591e-03
7.19008744e-01	2.84882728e-02	6.44336361e-03
7.19469786e-01	2.89327987e-02	6.50021294e-03
7.19930887e-01	2.44849231e-02	6.47250796e-03
7.20391929e-01	2.87066139e-02	6.57892739e-03
7.20852971e-01	2.65601240e-02	6.58651302e-03
7.21314013e-01	2.93201860e-02	6.66091358e-03
7.21775115e-01	3.22041325e-02	6.74487371e-03
7.22236156e-01	3.13472115e-02	6.76234905e-03
7.22697198e-01	3.41741480e-02	6.84617227e-03
7.23158240e-01	3.36013697e-02	6.89786021e-03
7.23619282e-01	3.06482129e-02	6.87217806e-03
7.24080384e-01	3.14456858e-02	6.93660369e-03
7.24541426e-01	3.18634324e-02	7.00045284e-03
7.25002468e-01	2.89167576e-02	6.99369889e-03
7.25463510e-01	2.98011713e-02	7.08270958e-03
7.25924551e-01	3.07253357e-02	7.12020323e-03
7.26385653e-01	3.19026411e-02	7.19206501e-03
7.26846695e-01	2.67236978e-02	7.15578115e-03
7.27307737e-01	2.84204986e-02	7.24229729e-03
7.27768779e-01	2.66085267e-02	7.26744439e-03
7.28229821e-01	3.01497616e-02	7.36300182e-03
7.28690922e-01	2.97592226e-02	7.42733339e-03
7.29151964e-01	3.25211659e-02	7.54429400e-03
7.29613006e-01	3.09564080e-02	7.53685320e-03
7.30074048e-01	2.62414217e-02	7.54117826e-03
7.30535090e-01	2.67193429e-02	7.60619994e-03
7.30996192e-01	3.02040335e-02	7.73724262e-03
7.31457233e-01	2.75835581e-02	7.74442311e-03
7.31918275e-01	2.54150815e-02	7.72796106e-03
7.32379317e-01	3.09165064e-02	7.94751756e-03
7.32840419e-01	2.98361834e-02	7.95866735e-03
7.33301461e-01	2.93853693e-02	8.03926401e-03
7.33762503e-01	2.74593178e-02	8.08692630e-03
7.34223545e-01	2.69814972e-02	8.13937839e-03
7.34684587e-01	2.31604930e-02	8.10636021e-03
7.35145688e-01	2.81207655e-02	8.29546340e-03
7.35606730e-01	2.49477345e-02	8.35630391e-03
7.36067772e-01	2.87582241e-02	8.49627890e-03
7.36528814e-01	3.25813107e-02	8.61945655e-03
7.36989856e-01	2.59902533e-02	8.59040767e-03
7.37450957e-01	3.15959528e-02	8.79023783e-03
7.37911999e-01	3.12191807e-02	8.87559541e-03
7.38373041e-01	2.95352694e-02	8.93105008e-03
7.38834083e-01	3.14024165e-02	9.07985959e-03
7.39295125e-01	3.37563865e-02	9.24399868e-03
7.39756227e-01	3.13927419e-02	9.27228574e-03
7.40217268e-01	2.75089648e-02	9.33742430e-03
7.40678310e-01	2.86444519e-02	9.43701528e-03
7.41139352e-01	2.65751779e-02	9.50830802e-03
7.41600454e-01	2.66011562e-02	9.65202413e-03
7.42061496e-01	3.04574370e-02	9.79133043e-03
7.42522538e-01	3.21045183e-02	1.00504300e-02
7.42983580e-01	2.36593299e-02	9.92153678e-03
7.43444622e-01	2.52217706e-02	1.01108877e-02
7.43905723e-01	3.09858322e-02	1.04069365e-02
7.44366765e-01	3.45423259e-02	1.05776954e-02
7.44827807e-01	2.66546905e-02	1.06149176e-02
7.45288849e-01	2.62076296e-02	1.07231997e-02
7.45749891e-01	3.13210674e-02	1.10735791e-02
7.46210992e-01	2.16653738e-02	1.09644197e-02
7.46672034e-01	2.29948144e-02	1.11948773e-02
7.47133076e-01	2.46261861e-02	1.15368087e-02
7.47594118e-01	3.06212716e-02	1.18550863e-02
7.48055160e-01	3.50763500e-02	1.22595653e-02
7.48516262e-01	2.86622643e-02	1.22279422e-02
7.48977304e-01	2.78364774e-02	1.24417152e-02
7.49438345e-01	3.00244186e-02	1.28298607e-02
7.49899387e-01	3.81962731e-02	1.33174341e-02
7.50360489e-01	2.50772592e-02	1.32398605e-02
7.50821531e-01	2.78891511e-02	1.37009816e-02
7.51282573e-01	2.33872365e-02	1.38059380e-02
7.51743615e-01	1.97979137e-02	1.41939968e-02
7.52204657e-01	2.06667744e-02	1.45621123e-02
7.52665758e-01	2.77330074e-02	1.53045831e-02
7.53126800e-01	3.00308857e-02	1.58503223e-02
7.53587842e-01	3.32052894e-02	1.64442640e-02
7.54048884e-01	2.92636808e-02	1.70320775e-02
7.54509926e-01	2.08917949e-02	1.72256790e-02
7.54971027e-01	3.09353527e-02	1.85497664e-02
7.55432069e-01	3.56101170e-02	1.94817297e-02
7.55893111e-01	3.31654586e-02	2.02916954e-02
7.56354153e-01	3.70791964e-02	2.18978412e-02
7.56815195e-01	2.96153612e-02	2.28205584e-02
7.57276297e-01	2.25071628e-02	2.44098138e-02
7.57737339e-01	3.53369713e-02	2.69319266e-02
7.58198380e-01	4.40197662e-02	3.01770121e-02
7.58659422e-01	4.86195497e-02	3.55618224e-02
7.59120464e-01	4.01177928e-02	4.10052128e-02
7.59581566e-01	5.85202985e-02	5.65935150e-02
7.60042608e-01	1.16632497e-02	8.97924155e-02
