q[nm-1]	I(q)[sr-1]_Rocca_10m_eiger2_00010_00_00001_av_ave.h5_00001_[NS10_25C]_trm=0.871692	error
6.67967554e-03	2.70549375e+04	8.81293964e+00
7.14073004e-03	2.17941934e+04	5.12669230e+00
7.60178454e-03	1.69920254e+04	3.85732508e+00
8.06283858e-03	1.34606621e+04	3.08049703e+00
8.52389354e-03	1.08058398e+04	2.54338765e+00
8.98494758e-03	8.70279102e+03	2.13421154e+00
9.44600254e-03	7.14493848e+03	1.82675743e+00
9.90705658e-03	5.94868994e+03	1.58436346e+00
1.03681115e-02	4.93876074e+03	1.37710822e+00
1.08291656e-02	4.15208447e+03	1.21607220e+00
1.12902196e-02	3.50012695e+03	1.07585382e+00
1.17512746e-02	3.00415869e+03	9.62068915e-01
1.22123286e-02	2.57844873e+03	8.62322807e-01
1.26733836e-02	2.22540576e+03	7.77990580e-01
1.31344376e-02	1.93464722e+03	7.06262290e-01
1.35954916e-02	1.68730627e+03	6.42185986e-01
1.40565466e-02	1.48330078e+03	5.87591231e-01
1.45176006e-02	1.30756592e+03	5.38515270e-01
1.49786556e-02	1.16154761e+03	4.96309757e-01
1.54397096e-02	1.03127368e+03	4.57279682e-01
1.59007646e-02	9.21613586e+02	4.23645020e-01
1.63618177e-02	8.21103882e+02	3.91921461e-01
1.68228727e-02	7.38221924e+02	3.64729285e-01
1.72839276e-02	6.68547607e+02	3.40809286e-01
1.77449826e-02	6.01457275e+02	3.17704380e-01
1.82060357e-02	5.41786377e+02	2.92153567e-01
1.86670907e-02	4.90476715e+02	2.65414000e-01
1.91281457e-02	4.48692200e+02	2.46069700e-01
1.95891988e-02	4.08455444e+02	2.29840443e-01
2.00502537e-02	3.72221680e+02	2.16793895e-01
2.05113087e-02	3.39723633e+02	2.04444572e-01
2.09723637e-02	3.12087830e+02	1.93549693e-01
2.14334168e-02	2.87280396e+02	1.83539450e-01
2.18944717e-02	2.64369568e+02	1.73970386e-01
2.23555267e-02	2.44038742e+02	1.65020555e-01
2.28165798e-02	2.25283524e+02	1.56397671e-01
2.32776348e-02	2.08185257e+02	1.48720115e-01
2.37386897e-02	1.93286255e+02	1.41790181e-01
2.41997447e-02	1.80029587e+02	1.35465071e-01
2.46607978e-02	1.67063446e+02	1.29224092e-01
2.51218528e-02	1.55293900e+02	1.23426795e-01
2.55829077e-02	1.44680557e+02	1.18013345e-01
2.60439608e-02	1.34897736e+02	1.12849317e-01
2.65050158e-02	1.26004410e+02	1.08019903e-01
2.69660708e-02	1.18212341e+02	1.03771254e-01
2.74271239e-02	1.10656822e+02	9.95188802e-02
2.78881788e-02	1.03992943e+02	9.56586674e-02
2.83492338e-02	9.74773712e+01	9.17793736e-02
2.88102888e-02	9.18107071e+01	8.83396193e-02
2.92713419e-02	8.66523590e+01	8.51343498e-02
2.97323968e-02	8.14409790e+01	8.18371996e-02
3.01934518e-02	7.69669724e+01	7.89868087e-02
3.06545049e-02	7.28011703e+01	7.66497478e-02
3.11155599e-02	6.93392563e+01	7.59090856e-02
3.15766148e-02	6.52691040e+01	7.40097687e-02
3.20376679e-02	6.22866325e+01	7.25227222e-02
3.24987248e-02	5.94846420e+01	7.09786713e-02
3.29597779e-02	5.66568985e+01	6.93035275e-02
3.34208310e-02	5.42461739e+01	6.77675456e-02
3.38818878e-02	5.20607910e+01	6.62788078e-02
3.43429409e-02	4.99307632e+01	6.48188516e-02
3.48039940e-02	4.82183228e+01	6.36645406e-02
3.52650508e-02	4.66908340e+01	6.25533536e-02
3.57261039e-02	4.54169083e+01	6.15428798e-02
3.61871570e-02	4.45339088e+01	6.08376563e-02
3.66482139e-02	4.41467133e+01	6.04037941e-02
3.71092670e-02	4.41767921e+01	6.02865294e-02
3.75703238e-02	4.47368393e+01	6.05358183e-02
3.80313769e-02	4.65659103e+01	6.16214797e-02
3.84924300e-02	4.99437790e+01	6.35904372e-02
3.89534868e-02	5.54369011e+01	6.68554679e-02
3.94145399e-02	6.27090645e+01	7.07875043e-02
3.98755930e-02	7.31491089e+01	7.63036311e-02
4.03366499e-02	8.33603745e+01	8.13306570e-02
4.07977030e-02	9.00022202e+01	8.43153447e-02
4.12587561e-02	9.21531601e+01	8.49588439e-02
4.17198129e-02	8.94387512e+01	8.33631605e-02
4.21808660e-02	8.39580231e+01	8.05354863e-02
4.26419191e-02	7.74094620e+01	7.70565867e-02
4.31029759e-02	7.10255051e+01	7.36452565e-02
4.35640290e-02	6.44420013e+01	6.99148625e-02
4.40250821e-02	5.78971024e+01	6.60105124e-02
4.44861390e-02	5.27698288e+01	6.29147664e-02
4.49471921e-02	4.79304466e+01	5.97680323e-02
4.54082489e-02	4.35174446e+01	5.67578450e-02
4.58693020e-02	3.96490860e+01	5.40412739e-02
4.63303551e-02	3.60424156e+01	5.13739996e-02
4.67914119e-02	3.30879898e+01	4.90999520e-02
4.72524650e-02	3.04019470e+01	4.69304323e-02
4.77135181e-02	2.80045929e+01	4.48920988e-02
4.81745750e-02	2.59267921e+01	4.30257544e-02
4.86356281e-02	2.41044579e+01	4.06647697e-02
4.90966812e-02	2.22203178e+01	3.82102877e-02
4.95577380e-02	2.07140083e+01	3.64135578e-02
5.00187911e-02	1.93747921e+01	3.48416455e-02
5.04798442e-02	1.80713596e+01	3.38219665e-02
5.09409010e-02	1.68672600e+01	3.29875052e-02
5.14019541e-02	1.58114061e+01	3.19665335e-02
5.18630110e-02	1.49133434e+01	3.10457703e-02
5.23240641e-02	1.40497818e+01	3.01219672e-02
5.27851172e-02	1.33760500e+01	2.93848552e-02
5.32461740e-02	1.26918612e+01	2.85765380e-02
5.37072271e-02	1.20183582e+01	2.77419295e-02
5.41682802e-02	1.14462833e+01	2.70539187e-02
5.46293370e-02	1.08654423e+01	2.62902491e-02
5.50903901e-02	1.04603796e+01	2.57660113e-02
5.55514432e-02	9.99913692e+00	2.51207650e-02
5.60125001e-02	9.59084988e+00	2.41973158e-02
5.64735532e-02	9.22302437e+00	2.32566930e-02
5.69346063e-02	8.85482979e+00	2.24846601e-02
5.73956631e-02	8.52261543e+00	2.18384732e-02
5.78567162e-02	8.16881180e+00	2.11732183e-02
5.83177693e-02	7.89657974e+00	2.06391066e-02
5.87788261e-02	7.64142513e+00	2.01669540e-02
5.92398793e-02	7.33432293e+00	1.95974279e-02
5.97009361e-02	7.07567215e+00	1.90740712e-02
6.01619892e-02	6.88430882e+00	1.86783411e-02
6.06230423e-02	6.65201330e+00	1.82311852e-02
6.10840991e-02	6.37497044e+00	1.76995229e-02
6.15451522e-02	6.21291828e+00	1.73556060e-02
6.20062053e-02	6.01958942e+00	1.69524327e-02
6.24672621e-02	5.81817722e+00	1.65709853e-02
6.29283190e-02	5.60774803e+00	1.61526334e-02
6.33893684e-02	5.46438694e+00	1.58626698e-02
6.38504252e-02	5.33266306e+00	1.55788166e-02
6.43114820e-02	5.17366028e+00	1.52563211e-02
6.47725314e-02	5.02412891e+00	1.49765061e-02
6.52335882e-02	4.87090826e+00	1.46965217e-02
6.56946450e-02	4.76655245e+00	1.44888284e-02
6.61556944e-02	4.63529873e+00	1.42123979e-02
6.66167513e-02	4.48404026e+00	1.39155034e-02
6.70778081e-02	4.37251902e+00	1.36900116e-02
6.75388575e-02	4.26829052e+00	1.34714302e-02
6.79999143e-02	4.15311718e+00	1.32287517e-02
6.84609711e-02	4.04308462e+00	1.30038857e-02
6.89220205e-02	3.91768718e+00	1.27446679e-02
6.93830773e-02	3.83584332e+00	1.25742946e-02
6.98441342e-02	3.75566101e+00	1.23975454e-02
7.03051835e-02	3.67376661e+00	1.22303721e-02
7.07662404e-02	3.55908656e+00	1.20106665e-02
7.12272972e-02	3.45616984e+00	1.18137309e-02
7.16883466e-02	3.37467647e+00	1.16380667e-02
7.21494034e-02	3.30542946e+00	1.15014091e-02
7.26104602e-02	3.22559047e+00	1.13371974e-02
7.30715096e-02	3.14738894e+00	1.11651625e-02
7.35325664e-02	3.08069301e+00	1.10254204e-02
7.39936233e-02	3.02357292e+00	1.09094512e-02
7.44546726e-02	2.93577909e+00	1.07075879e-02
7.49157295e-02	2.88975883e+00	1.05913971e-02
7.53767863e-02	2.83397675e+00	1.04594277e-02
7.58378357e-02	2.76306391e+00	1.02927564e-02
7.62988925e-02	2.69660115e+00	1.01359431e-02
7.67599493e-02	2.65506411e+00	1.00337146e-02
7.72210062e-02	2.61126375e+00	9.92442109e-03
7.76820555e-02	2.54632092e+00	9.76291765e-03
7.81431124e-02	2.51143861e+00	9.67086852e-03
7.86041692e-02	2.47762918e+00	9.58323013e-03
7.90652186e-02	2.43413663e+00	9.47129913e-03
7.95262754e-02	2.38823009e+00	9.35770851e-03
7.99873322e-02	2.36588383e+00	9.28821228e-03
8.04483816e-02	2.33146143e+00	9.18900501e-03
8.09094384e-02	2.28303289e+00	9.07562859e-03
8.13704953e-02	2.23782086e+00	8.96555092e-03
8.18315446e-02	2.20670962e+00	8.87778308e-03
8.22926015e-02	2.17439651e+00	8.78802501e-03
8.27536583e-02	2.12660265e+00	8.67950078e-03
8.32147077e-02	2.07476449e+00	8.54246877e-03
8.36757645e-02	2.04995131e+00	8.47271644e-03
8.41368213e-02	1.99251938e+00	8.33665300e-03
8.45978707e-02	1.95879877e+00	8.25364329e-03
8.50589275e-02	1.92907965e+00	8.17356911e-03
8.55199844e-02	1.89609718e+00	8.08535516e-03
8.59810337e-02	1.85776544e+00	7.98184890e-03
8.64420906e-02	1.81010020e+00	7.86366593e-03
8.69031474e-02	1.77961183e+00	7.78582832e-03
8.73641968e-02	1.75423551e+00	7.71488715e-03
8.78252536e-02	1.72492027e+00	7.63524091e-03
8.82863104e-02	1.69815671e+00	7.55803520e-03
8.87473598e-02	1.67428374e+00	7.49266427e-03
8.92084166e-02	1.65298963e+00	7.43460190e-03
8.96694735e-02	1.61819196e+00	7.33827800e-03
9.01305228e-02	1.58186233e+00	7.24102790e-03
9.05915797e-02	1.54876769e+00	7.15455413e-03
9.10526365e-02	1.53620327e+00	7.11767236e-03
9.15136859e-02	1.50520980e+00	7.02901091e-03
9.19747427e-02	1.47829080e+00	6.95097214e-03
9.24357995e-02	1.46546292e+00	6.91076880e-03
9.28968564e-02	1.43425691e+00	6.82200771e-03
9.33579057e-02	1.41765416e+00	6.77950820e-03
9.38189626e-02	1.39385676e+00	6.71248417e-03
9.42800194e-02	1.36173916e+00	6.62349677e-03
9.47410688e-02	1.34374547e+00	6.57105818e-03
9.52021256e-02	1.32321441e+00	6.50685793e-03
9.56631824e-02	1.31230807e+00	6.47219550e-03
9.61242318e-02	1.29747283e+00	6.41911849e-03
9.65852886e-02	1.27849734e+00	6.36942452e-03
9.70463455e-02	1.24929798e+00	6.28918689e-03
9.75073949e-02	1.23884428e+00	6.24812162e-03
9.79684517e-02	1.22634077e+00	6.20339904e-03
9.84295085e-02	1.20873082e+00	6.14831317e-03
9.88905579e-02	1.18961263e+00	6.08764589e-03
9.93516147e-02	1.17695940e+00	6.06046710e-03
9.98126715e-02	1.14554954e+00	5.96485753e-03
1.00273721e-01	1.14313531e+00	5.95426047e-03
1.00734778e-01	1.12215388e+00	5.89026604e-03
1.01195835e-01	1.10682905e+00	5.83739951e-03
1.01656884e-01	1.10478950e+00	5.82944090e-03
1.02117941e-01	1.08606768e+00	5.76164527e-03
1.02578998e-01	1.07059062e+00	5.71608730e-03
1.03040047e-01	1.05704486e+00	5.67401852e-03
1.03501104e-01	1.05657089e+00	5.66491205e-03
1.03962161e-01	1.03601146e+00	5.60046220e-03
1.04423210e-01	1.01957667e+00	5.54837333e-03
1.04884267e-01	1.00937796e+00	5.52122528e-03
1.05345324e-01	1.00230598e+00	5.49071562e-03
1.05806373e-01	9.86192405e-01	5.43197244e-03
1.06267430e-01	9.78848338e-01	5.41030709e-03
1.06728487e-01	9.64523673e-01	5.36784856e-03
1.07189544e-01	9.50526118e-01	5.31719346e-03
1.07650593e-01	9.45478737e-01	5.29590668e-03
1.08111650e-01	9.32748020e-01	5.25743235e-03
1.08572707e-01	9.19412971e-01	5.21081779e-03
1.09033756e-01	9.09878731e-01	5.17741451e-03
1.09494813e-01	9.01283622e-01	5.14446525e-03
1.09955870e-01	8.89086366e-01	5.10367705e-03
1.10416919e-01	8.82157445e-01	5.08123171e-03
1.10877976e-01	8.75625968e-01	5.04876161e-03
1.11339033e-01	8.74419391e-01	5.03458828e-03
1.11800082e-01	8.64291072e-01	5.00386627e-03
1.12261139e-01	8.44285607e-01	4.94237477e-03
1.12722196e-01	8.43480885e-01	4.93364036e-03
1.13183245e-01	8.30224812e-01	4.88382764e-03
1.13644302e-01	8.26067746e-01	4.86423727e-03
1.14105359e-01	8.27559650e-01	4.85743117e-03
1.14566408e-01	8.31357002e-01	4.85562440e-03
1.15027465e-01	8.21848035e-01	4.81871096e-03
1.15488522e-01	8.15769792e-01	4.79835132e-03
1.15949571e-01	8.09417427e-01	4.76899557e-03
1.16410628e-01	8.04511845e-01	4.74344101e-03
1.16871685e-01	8.08111191e-01	4.75027785e-03
1.17332734e-01	7.93176293e-01	4.69649117e-03
1.17793791e-01	7.97065496e-01	4.70016431e-03
1.18254848e-01	7.95347750e-01	4.68601799e-03
1.18715897e-01	7.88440228e-01	4.65381518e-03
1.19176954e-01	7.91983783e-01	4.65660589e-03
1.19638011e-01	7.88825631e-01	4.63618804e-03
1.20099060e-01	7.92233765e-01	4.63766698e-03
1.20560117e-01	7.90803134e-01	4.61950572e-03
1.21021174e-01	7.97435403e-01	4.62381076e-03
1.21482231e-01	8.01018059e-01	4.62048594e-03
1.21943280e-01	7.99230337e-01	4.60806908e-03
1.22404337e-01	7.93907523e-01	4.58710361e-03
1.22865394e-01	7.86208332e-01	4.55941353e-03
1.23326443e-01	7.76529670e-01	4.52339323e-03
1.23787500e-01	7.85762072e-01	4.54344740e-03
1.24248557e-01	7.79233098e-01	4.51793335e-03
1.24709606e-01	7.67063379e-01	4.47880244e-03
1.25170663e-01	7.55543113e-01	4.43803752e-03
1.25631720e-01	7.56069303e-01	4.43625078e-03
1.26092777e-01	7.41373897e-01	4.38725622e-03
1.26553819e-01	7.37752080e-01	4.38028155e-03
1.27014875e-01	7.23345995e-01	4.33090189e-03
1.27475932e-01	7.18673944e-01	4.31762543e-03
1.27936989e-01	7.11916685e-01	4.29498451e-03
1.28398046e-01	6.99429154e-01	4.25403519e-03
1.28859103e-01	6.89396739e-01	4.22566477e-03
1.29320160e-01	6.79782450e-01	4.19272110e-03
1.29781201e-01	6.69830918e-01	4.15563537e-03
1.30242258e-01	6.66665435e-01	4.14469652e-03
1.30703315e-01	6.55153453e-01	4.10706596e-03
1.31164372e-01	6.46980643e-01	4.07885015e-03
1.31625429e-01	6.37405634e-01	4.05124109e-03
1.32086486e-01	6.30448520e-01	4.02845629e-03
1.32547528e-01	6.22377634e-01	3.99838667e-03
1.33008584e-01	6.10876203e-01	3.96228675e-03
1.33469641e-01	6.05414808e-01	3.94858466e-03
1.33930698e-01	6.02485657e-01	3.93142411e-03
1.34391755e-01	5.95167756e-01	3.90246464e-03
1.34852812e-01	5.87718368e-01	3.88561189e-03
1.35313854e-01	5.77965200e-01	3.84996203e-03
1.35774910e-01	5.68346322e-01	3.81800579e-03
1.36235967e-01	5.62687337e-01	3.79715068e-03
1.36697024e-01	5.59356689e-01	3.78421741e-03
1.37158081e-01	5.55318475e-01	3.76880611e-03
1.37619138e-01	5.47406316e-01	3.74057400e-03
1.38080180e-01	5.42669892e-01	3.72609985e-03
1.38541237e-01	5.30956089e-01	3.68644553e-03
1.39002293e-01	5.24048090e-01	3.66607495e-03
1.39463350e-01	5.19140840e-01	3.64476885e-03
1.39924407e-01	5.16399264e-01	3.63374199e-03
1.40385464e-01	5.12761891e-01	3.62202758e-03
1.40846506e-01	5.06301999e-01	3.59795289e-03
1.41307563e-01	4.99246061e-01	3.57338786e-03
1.41768619e-01	4.94569838e-01	3.55741684e-03
1.42229676e-01	4.91865695e-01	3.54731013e-03
1.42690733e-01	4.84175533e-01	3.51761351e-03
1.43151790e-01	4.81464684e-01	3.50759248e-03
1.43612847e-01	4.73060906e-01	3.47927166e-03
1.44073889e-01	4.70704705e-01	3.47264810e-03
1.44534945e-01	4.63300318e-01	3.44361598e-03
1.44996002e-01	4.59458202e-01	3.42925452e-03
1.45457059e-01	4.53429163e-01	3.41061875e-03
1.45918116e-01	4.48524177e-01	3.38872266e-03
1.46379173e-01	4.46498066e-01	3.37919360e-03
1.46840215e-01	4.40954745e-01	3.36204912e-03
1.47301272e-01	4.36411858e-01	3.34391859e-03
1.47762328e-01	4.37145770e-01	3.34524037e-03
1.48223385e-01	4.36753273e-01	3.33963404e-03
1.48684442e-01	4.29391444e-01	3.31640313e-03
1.49145499e-01	4.22199905e-01	3.29233753e-03
1.49606541e-01	4.14637655e-01	3.26337060e-03
1.50067598e-01	4.12057072e-01	3.25467484e-03
1.50528654e-01	4.12328184e-01	3.24923242e-03
1.50989711e-01	4.10697788e-01	3.24296625e-03
1.51450768e-01	4.05001312e-01	3.22440523e-03
1.51911825e-01	4.03158367e-01	3.21523519e-03
1.52372867e-01	4.00121778e-01	3.20068863e-03
1.52833924e-01	3.98533344e-01	3.18843382e-03
1.53294981e-01	3.97147238e-01	3.18377884e-03
1.53756037e-01	3.87493491e-01	3.15274717e-03
1.54217094e-01	3.87144208e-01	3.15001095e-03
1.54678151e-01	3.83592337e-01	3.13269231e-03
1.55139193e-01	3.85551304e-01	3.13738920e-03
1.55600250e-01	3.79128873e-01	3.11505119e-03
1.56061307e-01	3.78031015e-01	3.10833147e-03
1.56522363e-01	3.75797838e-01	3.09861591e-03
1.56983420e-01	3.72344106e-01	3.08590522e-03
1.57444477e-01	3.70949566e-01	3.07596801e-03
1.57905519e-01	3.74256849e-01	3.08553479e-03
1.58366576e-01	3.70433420e-01	3.06858541e-03
1.58827633e-01	3.62691402e-01	3.04103130e-03
1.59288689e-01	3.62449616e-01	3.03785037e-03
1.59749746e-01	3.59949678e-01	3.02335853e-03
1.60210803e-01	3.62211764e-01	3.03225848e-03
1.60671860e-01	3.58533710e-01	3.01855756e-03
1.61132902e-01	3.55347782e-01	3.00609623e-03
1.61593959e-01	3.54385704e-01	2.99668591e-03
1.62055016e-01	3.52899879e-01	2.99010868e-03
1.62516072e-01	3.47614050e-01	2.97277258e-03
1.62977129e-01	3.45422447e-01	2.96208449e-03
1.63438186e-01	3.46330881e-01	2.96207145e-03
1.63899228e-01	3.39554459e-01	2.93407263e-03
1.64360285e-01	3.38346183e-01	2.93208519e-03
1.64821342e-01	3.35701078e-01	2.91992398e-03
1.65282398e-01	3.33445996e-01	2.90875393e-03
1.65743455e-01	3.31296474e-01	2.89826817e-03
1.66204512e-01	3.31022441e-01	2.89622019e-03
1.66665554e-01	3.28433454e-01	2.88393744e-03
1.67126611e-01	3.26160997e-01	2.87114247e-03
1.67587668e-01	3.29416752e-01	2.87943822e-03
1.68048725e-01	3.26609969e-01	2.86649354e-03
1.68509781e-01	3.23870093e-01	2.85422709e-03
1.68970838e-01	3.21738958e-01	2.84521212e-03
1.69431880e-01	3.17626536e-01	2.83111818e-03
1.69892937e-01	3.12629700e-01	2.81171175e-03
1.70353994e-01	3.11654031e-01	2.80781928e-03
1.70815051e-01	3.09000075e-01	2.79727718e-03
1.71276107e-01	3.08113098e-01	2.78615835e-03
1.71737164e-01	3.12850535e-01	2.79931701e-03
1.72198206e-01	3.09554636e-01	2.78743613e-03
1.72659263e-01	3.05118024e-01	2.76811677e-03
1.73120320e-01	3.02515775e-01	2.75766687e-03
1.73581377e-01	3.03455859e-01	2.75718258e-03
1.74042434e-01	3.01246941e-01	2.74378015e-03
1.74503490e-01	2.99834758e-01	2.73542781e-03
1.74964547e-01	2.99338222e-01	2.73131020e-03
1.75425589e-01	2.97603935e-01	2.72242120e-03
1.75886646e-01	2.94430047e-01	2.70799221e-03
1.76347703e-01	2.93100774e-01	2.70254049e-03
1.76808760e-01	2.95310587e-01	2.70477636e-03
1.77269816e-01	2.92360455e-01	2.68828520e-03
1.77730873e-01	2.90920824e-01	2.68294243e-03
1.78191915e-01	2.90462196e-01	2.67838244e-03
1.78652972e-01	2.88642228e-01	2.66698189e-03
1.79114029e-01	2.89505482e-01	2.66713626e-03
1.79575086e-01	2.87624925e-01	2.65827426e-03
1.80036142e-01	2.85091817e-01	2.64927209e-03
1.80497199e-01	2.81819552e-01	2.63858517e-03
1.80958241e-01	2.80652463e-01	2.63384846e-03
1.81419298e-01	2.75572389e-01	2.61334097e-03
1.81880355e-01	2.79246509e-01	2.62114080e-03
1.82341412e-01	2.80695766e-01	2.62094196e-03
1.82802469e-01	2.75346756e-01	2.60110921e-03
1.83263525e-01	2.72434384e-01	2.58809677e-03
1.83724567e-01	2.74511069e-01	2.59339483e-03
1.84185624e-01	2.71785200e-01	2.58173468e-03
1.84646681e-01	2.70816118e-01	2.57363310e-03
1.85107738e-01	2.71898091e-01	2.57374486e-03
1.85568795e-01	2.72432476e-01	2.57522473e-03
1.86029851e-01	2.67071545e-01	2.55499012e-03
1.86490893e-01	2.68973887e-01	2.55516917e-03
1.86951950e-01	2.70967126e-01	2.55752774e-03
1.87413007e-01	2.67648131e-01	2.54394347e-03
1.87874064e-01	2.64439732e-01	2.53160880e-03
1.88335121e-01	2.62991756e-01	2.52417149e-03
1.88796178e-01	2.64883220e-01	2.52699689e-03
1.89257234e-01	2.65007764e-01	2.52386066e-03
1.89718276e-01	2.61247516e-01	2.50942772e-03
1.90179333e-01	2.58379489e-01	2.49867723e-03
1.90640390e-01	2.59924680e-01	2.49982020e-03
1.91101447e-01	2.59801179e-01	2.49465765e-03
1.91562504e-01	2.59892762e-01	2.49231840e-03
1.92023560e-01	2.60676801e-01	2.49190954e-03
1.92484602e-01	2.56564796e-01	2.47513503e-03
1.92945659e-01	2.55122274e-01	2.46902043e-03
1.93406716e-01	2.57517427e-01	2.47620279e-03
1.93867773e-01	2.56605953e-01	2.46879738e-03
1.94328830e-01	2.56226808e-01	2.46202108e-03
1.94789886e-01	2.56971300e-01	2.46317685e-03
1.95250928e-01	2.54971445e-01	2.45483918e-03
1.95711985e-01	2.53869176e-01	2.44967476e-03
1.96173042e-01	2.53492892e-01	2.44544842e-03
1.96634099e-01	2.53971338e-01	2.44288449e-03
1.97095156e-01	2.54342377e-01	2.43946607e-03
1.97556213e-01	2.58484483e-01	2.45021982e-03
1.98017254e-01	2.54521579e-01	2.43284134e-03
1.98478311e-01	2.55041003e-01	2.43283017e-03
1.98939368e-01	2.54538685e-01	2.43196590e-03
1.99400425e-01	2.52564758e-01	2.42330623e-03
1.99861482e-01	2.54125178e-01	2.42337119e-03
2.00322539e-01	2.55582869e-01	2.42520729e-03
2.00783581e-01	2.56391853e-01	2.42395001e-03
2.01244637e-01	2.54184574e-01	2.41327868e-03
2.01705694e-01	2.53820926e-01	2.40996061e-03
2.02166751e-01	2.52970636e-01	2.40459596e-03
2.02627808e-01	2.57797003e-01	2.41712295e-03
2.03088865e-01	2.57507980e-01	2.40999577e-03
2.03549922e-01	2.55266845e-01	2.40087346e-03
2.04010963e-01	2.53674299e-01	2.39567715e-03
2.04472020e-01	2.52499819e-01	2.39027804e-03
2.04933077e-01	2.54230142e-01	2.39155209e-03
2.05394134e-01	2.55933166e-01	2.39584176e-03
2.05855191e-01	2.51464874e-01	2.37875222e-03
2.06316248e-01	2.49937251e-01	2.37318920e-03
2.06777290e-01	2.49825984e-01	2.37178104e-03
2.07238346e-01	2.52643794e-01	2.39011878e-03
2.07699403e-01	2.49438360e-01	2.39894213e-03
2.08160460e-01	2.46750504e-01	2.40074354e-03
2.08621517e-01	2.45368913e-01	2.40235799e-03
2.09082574e-01	2.45071083e-01	2.40755733e-03
2.09543616e-01	2.45562598e-01	2.41179997e-03
2.10004672e-01	2.44547367e-01	2.41169846e-03
2.10465729e-01	2.45536327e-01	2.41943961e-03
2.10926786e-01	2.44381070e-01	2.41765031e-03
2.11387843e-01	2.43567824e-01	2.41923286e-03
2.11848900e-01	2.40877360e-01	2.41391594e-03
2.12309942e-01	2.39799172e-01	2.41300347e-03
2.12770998e-01	2.40146801e-01	2.41608289e-03
2.13232055e-01	2.37855941e-01	2.40853592e-03
2.13693112e-01	2.38745540e-01	2.41444353e-03
2.14154169e-01	2.37816900e-01	2.41147680e-03
2.14615226e-01	2.36899763e-01	2.40567746e-03
2.15076268e-01	2.36960530e-01	2.40897899e-03
2.15537325e-01	2.34132528e-01	2.40276381e-03
2.15998381e-01	2.33235002e-01	2.39973958e-03
2.16459438e-01	2.34435052e-01	2.40335660e-03
2.16920495e-01	2.32919216e-01	2.39928137e-03
2.17381552e-01	2.30441958e-01	2.39329343e-03
2.17842609e-01	2.26699397e-01	2.38393480e-03
2.18303651e-01	2.27543443e-01	2.38878233e-03
2.18764707e-01	2.27661297e-01	2.38849618e-03
2.19225764e-01	2.27417827e-01	2.38910737e-03
2.19686821e-01	2.26854876e-01	2.38891132e-03
2.20147878e-01	2.24166632e-01	2.38207728e-03
2.20608935e-01	2.24158838e-01	2.38163606e-03
2.21069977e-01	2.22618908e-01	2.37671984e-03
2.21531034e-01	2.23976880e-01	2.38248333e-03
2.21992090e-01	2.20535159e-01	2.37159873e-03
2.22453147e-01	2.18532160e-01	2.36758916e-03
2.22914204e-01	2.16307491e-01	2.35928642e-03
2.23375261e-01	2.21609026e-01	2.37651635e-03
2.23836303e-01	2.22337335e-01	2.37794640e-03
2.24297360e-01	2.16890186e-01	2.36245291e-03
2.24758416e-01	2.15997696e-01	2.35423120e-03
2.25219473e-01	2.16048405e-01	2.33498495e-03
2.25680530e-01	2.14014500e-01	2.31520995e-03
2.26141587e-01	2.12560624e-01	2.30208179e-03
2.26602629e-01	2.13803530e-01	2.29812018e-03
2.27063686e-01	2.17446446e-01	2.30323849e-03
2.27524742e-01	2.11548209e-01	2.27914075e-03
2.27985799e-01	2.08904952e-01	2.26742984e-03
2.28446856e-01	2.08891064e-01	2.26300885e-03
2.28907913e-01	2.06661776e-01	2.25070119e-03
2.29368955e-01	2.07557157e-01	2.24986509e-03
2.29830012e-01	2.05980152e-01	2.24082894e-03
2.30291069e-01	2.04507619e-01	2.22993619e-03
2.30752125e-01	2.03100473e-01	2.22387421e-03
2.31213182e-01	2.00051069e-01	2.21476308e-03
2.31674239e-01	2.03086063e-01	2.22140434e-03
2.32135296e-01	2.02600807e-01	2.21457193e-03
2.32596338e-01	2.03733400e-01	2.21561780e-03
2.33057395e-01	1.97566584e-01	2.19227001e-03
2.33518451e-01	1.96880892e-01	2.18843063e-03
2.33979508e-01	1.98870748e-01	2.19143531e-03
2.34440565e-01	1.97366580e-01	2.18347437e-03
2.34901622e-01	1.95789278e-01	2.17485405e-03
2.35362664e-01	1.95428923e-01	2.16939044e-03
2.35823721e-01	1.93609551e-01	2.16246978e-03
2.36284778e-01	1.92167133e-01	2.15740362e-03
2.36745834e-01	1.90003797e-01	2.14568176e-03
2.37206891e-01	1.90146163e-01	2.14330177e-03
2.37667948e-01	1.90223739e-01	2.14074110e-03
2.38128990e-01	1.87660441e-01	2.12868582e-03
2.38590047e-01	1.88713863e-01	2.12883879e-03
2.39051104e-01	1.89559788e-01	2.12822272e-03
2.39512160e-01	1.86432093e-01	2.11771228e-03
2.39973217e-01	1.84636667e-01	2.10962677e-03
2.40434274e-01	1.84546888e-01	2.10765563e-03
2.40895316e-01	1.83271483e-01	2.10097386e-03
2.41356373e-01	1.86372161e-01	2.10761977e-03
2.41817430e-01	1.84430525e-01	2.09677243e-03
2.42278486e-01	1.81987315e-01	2.08847737e-03
2.42739543e-01	1.80283025e-01	2.08201958e-03
2.43200600e-01	1.79015726e-01	2.07440765e-03
2.43661642e-01	1.78141087e-01	2.06951937e-03
2.44122699e-01	1.76794708e-01	2.06365669e-03
2.44583756e-01	1.76558301e-01	2.06048368e-03
2.45044813e-01	1.74236298e-01	2.05205800e-03
2.45505869e-01	1.74737304e-01	2.05235975e-03
2.45966926e-01	1.73789158e-01	2.04464304e-03
2.46427983e-01	1.72986135e-01	2.04122486e-03
2.46889025e-01	1.72427863e-01	2.03665625e-03
2.47350082e-01	1.71451032e-01	2.03105202e-03
2.47811139e-01	1.70495361e-01	2.02823756e-03
2.48272195e-01	1.71291754e-01	2.02803826e-03
2.48733252e-01	1.69854134e-01	2.01807008e-03
2.49194309e-01	1.69159815e-01	2.01548892e-03
2.49655351e-01	1.68741450e-01	2.01365631e-03
2.50116408e-01	1.67996258e-01	2.00638501e-03
2.50577480e-01	1.68161705e-01	2.00507417e-03
2.51038522e-01	1.65837735e-01	1.99771463e-03
2.51499563e-01	1.64212704e-01	1.98943098e-03
2.51960635e-01	1.63529485e-01	1.98441511e-03
2.52421677e-01	1.65066049e-01	1.98893389e-03
2.52882749e-01	1.64828166e-01	1.98583887e-03
2.53343791e-01	1.61341071e-01	1.97317032e-03
2.53804833e-01	1.62397817e-01	1.97373074e-03
2.54265904e-01	1.62534758e-01	1.97265507e-03
2.54726946e-01	1.61866292e-01	1.96957914e-03
2.55188018e-01	1.60085201e-01	1.96088059e-03
2.55649060e-01	1.58534408e-01	1.95224397e-03
2.56110132e-01	1.59119874e-01	1.95386051e-03
2.56571174e-01	1.57874525e-01	1.94903335e-03
2.57032216e-01	1.55423462e-01	1.94027892e-03
2.57493287e-01	1.53409570e-01	1.93253777e-03
2.57954329e-01	1.54693633e-01	1.93375931e-03
2.58415401e-01	1.55182689e-01	1.93539890e-03
2.58876443e-01	1.53376520e-01	1.92662294e-03
2.59337485e-01	1.54012248e-01	1.92701886e-03
2.59798557e-01	1.51713088e-01	1.91713381e-03
2.60259598e-01	1.53517395e-01	1.92110986e-03
2.60720670e-01	1.51488632e-01	1.91366300e-03
2.61181712e-01	1.50913358e-01	1.90992991e-03
2.61642784e-01	1.53362602e-01	1.91567128e-03
2.62103826e-01	1.50881216e-01	1.90647726e-03
2.62564868e-01	1.49618119e-01	1.90174242e-03
2.63025939e-01	1.47778586e-01	1.89465587e-03
2.63486981e-01	1.46853894e-01	1.88998948e-03
2.63948053e-01	1.48367956e-01	1.89378147e-03
2.64409095e-01	1.46004111e-01	1.88572297e-03
2.64870167e-01	1.45502254e-01	1.88151596e-03
2.65331209e-01	1.46653920e-01	1.88348850e-03
2.65792251e-01	1.46373600e-01	1.88235415e-03
2.66253322e-01	1.43656462e-01	1.87191251e-03
2.66714364e-01	1.44815341e-01	1.87355280e-03
2.67175436e-01	1.45212322e-01	1.87358097e-03
2.67636478e-01	1.42739490e-01	1.86432840e-03
2.68097520e-01	1.41976923e-01	1.86115899e-03
2.68558592e-01	1.42725676e-01	1.86185294e-03
2.69019634e-01	1.42727107e-01	1.85983651e-03
2.69480705e-01	1.40320033e-01	1.85211445e-03
2.69941747e-01	1.38160378e-01	1.84484886e-03
2.70402819e-01	1.38594076e-01	1.84426981e-03
2.70863861e-01	1.39967456e-01	1.84708519e-03
2.71324903e-01	1.38793275e-01	1.84186921e-03
2.71785975e-01	1.40132874e-01	1.84592768e-03
2.72247016e-01	1.40127361e-01	1.84339902e-03
2.72708088e-01	1.38951212e-01	1.83823681e-03
2.73169130e-01	1.37820065e-01	1.83355506e-03
2.73630172e-01	1.37967616e-01	1.83209067e-03
2.74091244e-01	1.36162430e-01	1.82500971e-03
2.74552286e-01	1.35640651e-01	1.82446465e-03
2.75013357e-01	1.33688524e-01	1.81652105e-03
2.75474399e-01	1.33754641e-01	1.81457982e-03
2.75935471e-01	1.35723129e-01	1.81954354e-03
2.76396513e-01	1.33699387e-01	1.81347108e-03
2.76857555e-01	1.30723149e-01	1.80329627e-03
2.77318627e-01	1.35767460e-01	1.81735808e-03
2.77779669e-01	1.32001132e-01	1.80202129e-03
2.78240740e-01	1.32185057e-01	1.80264213e-03
2.78701782e-01	1.33095160e-01	1.80463889e-03
2.79162854e-01	1.33160740e-01	1.80298812e-03
2.79623896e-01	1.31410420e-01	1.79543882e-03
2.80084938e-01	1.31939739e-01	1.79807504e-03
2.80546010e-01	1.30295515e-01	1.79128000e-03
2.81007051e-01	1.30815297e-01	1.79017265e-03
2.81468123e-01	1.29766196e-01	1.78650988e-03
2.81929165e-01	1.30373433e-01	1.78849732e-03
2.82390207e-01	1.29422158e-01	1.78348052e-03
2.82851279e-01	1.28328994e-01	1.77801552e-03
2.83312321e-01	1.29137635e-01	1.78002077e-03
2.83773392e-01	1.27073497e-01	1.77392946e-03
2.84234434e-01	1.27134025e-01	1.77312642e-03
2.84695506e-01	1.27733991e-01	1.77266670e-03
2.85156548e-01	1.25549778e-01	1.76374824e-03
2.85617590e-01	1.26134411e-01	1.76653988e-03
2.86078662e-01	1.24403417e-01	1.76027825e-03
2.86539704e-01	1.26234531e-01	1.77535531e-03
2.87000775e-01	1.24639608e-01	1.77719875e-03
2.87461817e-01	1.24715187e-01	1.78168283e-03
2.87922859e-01	1.26315132e-01	1.78961549e-03
2.88383931e-01	1.24618813e-01	1.78877101e-03
2.88844973e-01	1.22997954e-01	1.78600755e-03
2.89306045e-01	1.24674000e-01	1.79382786e-03
2.89767087e-01	1.22147158e-01	1.78961945e-03
2.90228158e-01	1.21223964e-01	1.78875565e-03
2.90689200e-01	1.22780003e-01	1.79450121e-03
2.91150242e-01	1.19507335e-01	1.78266910e-03
2.91611314e-01	1.21007718e-01	1.78950396e-03
2.92072356e-01	1.20241284e-01	1.78777077e-03
2.92533427e-01	1.20523594e-01	1.78936776e-03
2.92994469e-01	1.19196258e-01	1.78594724e-03
2.93455541e-01	1.19329229e-01	1.78749370e-03
2.93916583e-01	1.18247509e-01	1.78446283e-03
2.94377625e-01	1.19026378e-01	1.78776123e-03
2.94838697e-01	1.18269727e-01	1.78503583e-03
2.95299739e-01	1.16062686e-01	1.77909550e-03
2.95760810e-01	1.16241097e-01	1.78146304e-03
2.96221852e-01	1.15041867e-01	1.77819619e-03
2.96682894e-01	1.14778839e-01	1.77894963e-03
2.97143966e-01	1.15843281e-01	1.78305153e-03
2.97605008e-01	1.15068235e-01	1.77981390e-03
2.98066080e-01	1.15302682e-01	1.78102718e-03
2.98527122e-01	1.15210876e-01	1.78109354e-03
2.98988193e-01	1.15706228e-01	1.78351370e-03
2.99449235e-01	1.14740908e-01	1.78141112e-03
2.99910277e-01	1.13417864e-01	1.77709037e-03
3.00371349e-01	1.12668470e-01	1.77553238e-03
3.00832391e-01	1.12636864e-01	1.77751272e-03
3.01293463e-01	1.11756243e-01	1.77343492e-03
3.01754504e-01	1.11716725e-01	1.77204539e-03
3.02215546e-01	1.10168695e-01	1.76901533e-03
3.02676618e-01	1.09141424e-01	1.76635501e-03
3.03137660e-01	1.11130096e-01	1.77158532e-03
3.03598732e-01	1.09825060e-01	1.76853442e-03
3.04059774e-01	1.09859921e-01	1.75860676e-03
3.04520845e-01	1.11323997e-01	1.74968620e-03
3.04981887e-01	1.08871624e-01	1.73520914e-03
3.05442929e-01	1.08516514e-01	1.72911421e-03
3.05904001e-01	1.08386084e-01	1.72488834e-03
3.06365043e-01	1.07686937e-01	1.71800959e-03
3.06826115e-01	1.07071683e-01	1.71143678e-03
3.07287157e-01	1.08548090e-01	1.71317684e-03
3.07748228e-01	1.06393412e-01	1.70180318e-03
3.08209270e-01	1.06618904e-01	1.70109642e-03
3.08670312e-01	1.06131390e-01	1.69616635e-03
3.09131384e-01	1.06639445e-01	1.69580092e-03
3.09592426e-01	1.04543343e-01	1.68715569e-03
3.10053498e-01	1.02922320e-01	1.68102607e-03
3.10514539e-01	1.03809036e-01	1.68119255e-03
3.10975581e-01	1.04393519e-01	1.67870964e-03
3.11436653e-01	1.03935026e-01	1.67555339e-03
3.11897695e-01	1.02356255e-01	1.66947977e-03
3.12358767e-01	1.01848707e-01	1.66484900e-03
3.12819809e-01	1.02420166e-01	1.66486891e-03
3.13280880e-01	1.02528967e-01	1.66269136e-03
3.13741922e-01	1.02307454e-01	1.65883754e-03
3.14202964e-01	1.02523126e-01	1.65838900e-03
3.14664036e-01	1.01896286e-01	1.65485893e-03
3.15125078e-01	1.01316251e-01	1.65059417e-03
3.15586150e-01	1.01336300e-01	1.64829975e-03
3.16047192e-01	9.92611498e-02	1.64047559e-03
3.16508234e-01	9.91315097e-02	1.63867697e-03
3.16969305e-01	1.00488685e-01	1.63956580e-03
3.17430347e-01	1.00321271e-01	1.63781061e-03
3.17891419e-01	9.87141430e-02	1.63241127e-03
3.18352461e-01	9.78017598e-02	1.62671064e-03
3.18813533e-01	9.84245092e-02	1.62669155e-03
3.19274575e-01	9.88998264e-02	1.62720378e-03
3.19735616e-01	9.77465957e-02	1.62145088e-03
3.20196688e-01	9.63484049e-02	1.61634106e-03
3.20657730e-01	9.62348431e-02	1.61438866e-03
3.21118802e-01	9.58392918e-02	1.61149295e-03
3.21579844e-01	9.65461656e-02	1.61354267e-03
3.22040915e-01	9.54556540e-02	1.60726695e-03
3.22501957e-01	9.51312035e-02	1.60447485e-03
3.22962999e-01	9.58209038e-02	1.60515902e-03
3.23424071e-01	9.49410349e-02	1.60053407e-03
3.23885113e-01	9.53810662e-02	1.60216168e-03
3.24346185e-01	9.40319449e-02	1.59619446e-03
3.24807227e-01	9.42050368e-02	1.59531308e-03
3.25268269e-01	9.37326178e-02	1.59299897e-03
3.25729340e-01	9.20574218e-02	1.58672838e-03
3.26190382e-01	9.16904658e-02	1.58360577e-03
3.26651454e-01	9.29540768e-02	1.58497063e-03
3.27112496e-01	9.32882577e-02	1.58645178e-03
3.27573568e-01	9.25544947e-02	1.58333557e-03
3.28034610e-01	9.20691490e-02	1.58022030e-03
3.28495651e-01	9.07229781e-02	1.57395494e-03
3.28956723e-01	9.14436579e-02	1.57559407e-03
3.29417765e-01	9.06779543e-02	1.57175492e-03
3.29878837e-01	9.22274143e-02	1.57531165e-03
3.30339879e-01	9.05362815e-02	1.56848819e-03
3.30800921e-01	9.10085887e-02	1.56963640e-03
3.31261992e-01	8.89913589e-02	1.56205008e-03
3.31723034e-01	8.93294811e-02	1.56238070e-03
3.32184106e-01	8.88380855e-02	1.55876973e-03
3.32645148e-01	8.79091248e-02	1.55568193e-03
3.33106220e-01	8.98921713e-02	1.56091643e-03
3.33567262e-01	8.80942196e-02	1.55410275e-03
3.34028304e-01	8.74417871e-02	1.55246246e-03
3.34489375e-01	8.89255926e-02	1.55436015e-03
3.34950417e-01	8.93367156e-02	1.55363162e-03
3.35411489e-01	8.84786993e-02	1.55007013e-03
3.35872531e-01	8.75075310e-02	1.54651410e-03
3.36333603e-01	8.75256285e-02	1.54565158e-03
3.36794645e-01	8.82536173e-02	1.54614937e-03
3.37255687e-01	8.74767751e-02	1.54297927e-03
3.37716758e-01	8.60683173e-02	1.53827912e-03
3.38177800e-01	8.51695761e-02	1.53470680e-03
3.38638872e-01	8.50847363e-02	1.53326592e-03
3.39099914e-01	8.66257995e-02	1.53694034e-03
3.39560956e-01	8.57333690e-02	1.53258967e-03
3.40022027e-01	8.52980614e-02	1.53061678e-03
3.40483069e-01	8.57039243e-02	1.53093867e-03
3.40944141e-01	8.58740956e-02	1.52949523e-03
3.41405183e-01	8.44160691e-02	1.52532943e-03
3.41866255e-01	8.39879140e-02	1.52326457e-03
3.42327297e-01	8.57252628e-02	1.52669614e-03
3.42788339e-01	8.57758373e-02	1.52553141e-03
3.43249410e-01	8.39157030e-02	1.51885441e-03
3.43710452e-01	8.37421417e-02	1.51834521e-03
3.44171524e-01	8.28250498e-02	1.51331816e-03
3.44632566e-01	8.28988552e-02	1.51266425e-03
3.45093608e-01	8.32733959e-02	1.51293736e-03
3.45554680e-01	8.33447427e-02	1.51246856e-03
3.46015722e-01	8.19098800e-02	1.50618935e-03
3.46476793e-01	8.27112421e-02	1.50840112e-03
3.46937835e-01	8.07160437e-02	1.50192587e-03
3.47398907e-01	8.13754797e-02	1.50256814e-03
3.47859949e-01	8.12742114e-02	1.50087348e-03
3.48320991e-01	8.04148018e-02	1.49805727e-03
3.48782063e-01	8.08535591e-02	1.49802119e-03
3.49243104e-01	8.07960331e-02	1.49613537e-03
3.49704176e-01	8.12544152e-02	1.49680814e-03
3.50165218e-01	8.02250654e-02	1.49350800e-03
3.50626290e-01	8.02644193e-02	1.49333384e-03
3.51087332e-01	7.97596574e-02	1.48919458e-03
3.51548374e-01	8.02042037e-02	1.48912950e-03
3.52009445e-01	8.10580850e-02	1.49055454e-03
3.52470487e-01	8.01064670e-02	1.48570060e-03
3.52931559e-01	8.07595998e-02	1.48744381e-03
3.53392601e-01	7.94172734e-02	1.48318708e-03
3.53853643e-01	7.81907886e-02	1.47815968e-03
3.54314715e-01	7.80654773e-02	1.47693930e-03
3.54775757e-01	7.85588175e-02	1.47683290e-03
3.55236828e-01	7.90422335e-02	1.47734827e-03
3.55697870e-01	7.81167746e-02	1.47319329e-03
3.56158942e-01	7.68605769e-02	1.46866089e-03
3.56619984e-01	7.72473067e-02	1.46935100e-03
3.57081026e-01	7.69844130e-02	1.46662060e-03
3.57542098e-01	7.76934177e-02	1.46662863e-03
3.58003139e-01	7.73182437e-02	1.46449578e-03
3.58464211e-01	7.68220499e-02	1.46300753e-03
3.58925253e-01	7.67499059e-02	1.46062940e-03
3.59386295e-01	7.73310512e-02	1.46019924e-03
3.59847367e-01	7.77913257e-02	1.46072800e-03
3.60308409e-01	7.60446340e-02	1.45577849e-03
3.60769480e-01	7.60029331e-02	1.45444809e-03
3.61230522e-01	7.63084218e-02	1.45316334e-03
3.61691594e-01	7.66321793e-02	1.45354809e-03
3.62152636e-01	7.62063339e-02	1.45039079e-03
3.62613678e-01	7.65085146e-02	1.45003328e-03
3.63074750e-01	7.57418126e-02	1.44740241e-03
3.63535792e-01	7.45079443e-02	1.44234754e-03
3.63996863e-01	7.54651874e-02	1.44456909e-03
3.64457905e-01	7.49748200e-02	1.44243345e-03
3.64918977e-01	7.53248185e-02	1.44235627e-03
3.65380019e-01	7.49954656e-02	1.43926404e-03
3.65841061e-01	7.34213442e-02	1.43385422e-03
3.66302133e-01	7.50100464e-02	1.43849407e-03
3.66763175e-01	7.51824528e-02	1.43681327e-03
3.67224246e-01	7.33460858e-02	1.43039832e-03
3.67685288e-01	7.31285289e-02	1.42946583e-03
3.68146330e-01	7.32450709e-02	1.42833276e-03
3.68607402e-01	7.38638490e-02	1.42923533e-03
3.69068444e-01	7.30834156e-02	1.42497406e-03
3.69529516e-01	7.30834827e-02	1.42449106e-03
3.69990557e-01	7.27341771e-02	1.42273528e-03
3.70451629e-01	7.22802728e-02	1.42061803e-03
3.70912671e-01	7.29791000e-02	1.42149825e-03
3.71373713e-01	7.28593841e-02	1.41942338e-03
3.71834785e-01	7.03912005e-02	1.41147361e-03
3.72295827e-01	7.22578913e-02	1.41691545e-03
3.72756898e-01	7.16813356e-02	1.41320867e-03
3.73217940e-01	7.17725158e-02	1.41189923e-03
3.73678982e-01	7.33515099e-02	1.41616981e-03
3.74140054e-01	7.19130486e-02	1.41022482e-03
3.74601096e-01	7.17788041e-02	1.40997546e-03
3.75062168e-01	7.01790527e-02	1.40383432e-03
3.75523210e-01	7.14803487e-02	1.40774413e-03
3.75984281e-01	7.03175515e-02	1.40185573e-03
3.76445323e-01	7.12940767e-02	1.40389777e-03
3.76906365e-01	6.99625984e-02	1.39903871e-03
3.77367437e-01	7.00081736e-02	1.39838655e-03
3.77828479e-01	7.09593520e-02	1.39972044e-03
3.78289551e-01	6.98721334e-02	1.39521423e-03
3.78750592e-01	6.99346811e-02	1.39519828e-03
3.79211664e-01	7.06776902e-02	1.39589328e-03
3.79672706e-01	6.94906414e-02	1.39194750e-03
3.80133748e-01	6.88145086e-02	1.38906564e-03
3.80594820e-01	7.01773688e-02	1.39189244e-03
3.81055862e-01	6.95005953e-02	1.38914271e-03
3.81516933e-01	6.83735013e-02	1.38532533e-03
3.81977975e-01	6.84872121e-02	1.38437434e-03
3.82439017e-01	6.89864904e-02	1.38538296e-03
3.82900089e-01	6.82149455e-02	1.38285360e-03
3.83361131e-01	6.83402419e-02	1.38177932e-03
3.83822203e-01	6.84861541e-02	1.38050760e-03
3.84283245e-01	6.78452402e-02	1.37818034e-03
3.84744316e-01	6.76467046e-02	1.37799932e-03
3.85205358e-01	6.79236874e-02	1.37757021e-03
3.85666400e-01	6.83639795e-02	1.37720746e-03
3.86127472e-01	6.74764290e-02	1.37351337e-03
3.86588514e-01	6.62560016e-02	1.36935513e-03
3.87049586e-01	6.80744648e-02	1.37431570e-03
3.87510628e-01	6.75541013e-02	1.37157191e-03
3.87971669e-01	6.72669113e-02	1.37067249e-03
3.88432741e-01	6.78430051e-02	1.37170043e-03
3.88893783e-01	6.81049228e-02	1.37054967e-03
3.89354855e-01	6.87976256e-02	1.37129962e-03
3.89815897e-01	6.89566657e-02	1.37064431e-03
3.90276968e-01	7.06999078e-02	1.37501117e-03
3.90738010e-01	7.02437609e-02	1.37172500e-03
3.91199052e-01	7.18336850e-02	1.37503911e-03
3.91660124e-01	7.21595362e-02	1.37466169e-03
3.92121166e-01	7.33770207e-02	1.37674925e-03
3.92582238e-01	7.44025260e-02	1.37883285e-03
3.93043280e-01	7.17395842e-02	1.37144676e-03
3.93504351e-01	6.99964389e-02	1.36735628e-03
3.93965393e-01	6.86146468e-02	1.36288279e-03
3.94426435e-01	6.71944767e-02	1.35887763e-03
3.94887507e-01	6.64054379e-02	1.35670637e-03
3.95348549e-01	6.56599551e-02	1.35309948e-03
3.95809621e-01	6.50737509e-02	1.35137828e-03
3.96270663e-01	6.43489584e-02	1.34787511e-03
3.96731704e-01	6.51258379e-02	1.35032891e-03
3.97192776e-01	6.37529343e-02	1.34648639e-03
3.97653818e-01	6.34023920e-02	1.34472165e-03
3.98114890e-01	6.45904690e-02	1.34764297e-03
3.98575932e-01	6.36081919e-02	1.34308415e-03
3.99037004e-01	6.27805963e-02	1.34049635e-03
3.99498045e-01	6.26958087e-02	1.34006434e-03
3.99959087e-01	6.25068694e-02	1.33888470e-03
4.00420159e-01	6.31329194e-02	1.33946142e-03
4.00881201e-01	6.38617501e-02	1.34051009e-03
4.01342273e-01	6.34184033e-02	1.33842020e-03
4.01803315e-01	6.26672804e-02	1.33602717e-03
4.02264357e-01	6.19666949e-02	1.33372832e-03
4.02725428e-01	6.28081039e-02	1.33489445e-03
4.03186470e-01	6.21984601e-02	1.33248873e-03
4.03647542e-01	6.14946559e-02	1.33081770e-03
4.04108584e-01	6.14472143e-02	1.32968253e-03
4.04569656e-01	6.19479306e-02	1.33051071e-03
4.05030698e-01	6.14389479e-02	1.32835819e-03
4.05491740e-01	6.19416125e-02	1.32866693e-03
4.05952811e-01	6.13552630e-02	1.32662593e-03
4.06413853e-01	5.99536113e-02	1.32179703e-03
4.06874925e-01	6.04789741e-02	1.32243754e-03
4.07335967e-01	6.01598732e-02	1.32127490e-03
4.07797039e-01	5.99629879e-02	1.31985871e-03
4.08258080e-01	6.06240630e-02	1.32094196e-03
4.08719122e-01	6.04921468e-02	1.32056908e-03
4.09180194e-01	5.91122992e-02	1.31632597e-03
4.09641236e-01	5.88478632e-02	1.31503912e-03
4.10102308e-01	5.85042909e-02	1.31311163e-03
4.10563350e-01	5.92776649e-02	1.31453888e-03
4.11024392e-01	6.00958876e-02	1.31531106e-03
4.11485463e-01	5.98417744e-02	1.31383748e-03
4.11946505e-01	5.89440577e-02	1.31074269e-03
4.12407577e-01	5.81134632e-02	1.30829029e-03
4.12868619e-01	5.89832738e-02	1.31008134e-03
4.13329691e-01	5.80964573e-02	1.30588620e-03
4.13790733e-01	5.93882389e-02	1.30845152e-03
4.14251775e-01	5.93883395e-02	1.30652706e-03
4.14712846e-01	5.87089844e-02	1.30512414e-03
4.15173888e-01	5.74911945e-02	1.30020198e-03
4.15634960e-01	5.78292683e-02	1.30038091e-03
4.16096002e-01	5.77502623e-02	1.29958149e-03
4.16557044e-01	5.86152263e-02	1.30146823e-03
4.17018116e-01	5.77898249e-02	1.29863177e-03
4.17479157e-01	5.73852882e-02	1.29739870e-03
4.17940229e-01	5.72231933e-02	1.29518867e-03
4.18401271e-01	5.77256754e-02	1.29537890e-03
4.18862343e-01	5.80686256e-02	1.29593024e-03
4.19323385e-01	5.71135804e-02	1.29164255e-03
4.19784427e-01	5.68938181e-02	1.29010237e-03
4.20245498e-01	5.77976704e-02	1.29240728e-03
4.20706540e-01	5.73405437e-02	1.28934404e-03
4.21167612e-01	5.79925999e-02	1.29072764e-03
4.21628654e-01	5.64173758e-02	1.28598127e-03
4.22089696e-01	5.62582612e-02	1.28485414e-03
4.22550768e-01	5.68640642e-02	1.28555729e-03
4.23011810e-01	5.59467375e-02	1.28187495e-03
4.23472881e-01	5.61452620e-02	1.28174969e-03
4.23933923e-01	5.59395440e-02	1.28009613e-03
4.24394995e-01	5.69785833e-02	1.28209766e-03
4.24856037e-01	5.66567555e-02	1.28034258e-03
4.25317079e-01	5.59414700e-02	1.27867993e-03
4.25778151e-01	5.52421696e-02	1.27567106e-03
4.26239192e-01	5.56864217e-02	1.27618643e-03
4.26700264e-01	5.53890094e-02	1.27429585e-03
4.27161306e-01	5.55088595e-02	1.27430540e-03
4.27622378e-01	5.56316562e-02	1.27762475e-03
4.28083420e-01	5.51124625e-02	1.28047890e-03
4.28544462e-01	5.45156896e-02	1.28009939e-03
4.29005533e-01	5.56496456e-02	1.28469546e-03
4.29466575e-01	5.44651560e-02	1.28139346e-03
4.29927647e-01	5.44342510e-02	1.28221849e-03
4.30388689e-01	5.49900718e-02	1.28449569e-03
4.30849731e-01	5.52758463e-02	1.28575496e-03
4.31310803e-01	5.53590544e-02	1.28676265e-03
4.31771845e-01	5.45313582e-02	1.28557265e-03
4.32232916e-01	5.44225201e-02	1.28691015e-03
4.32693958e-01	5.48512265e-02	1.28874404e-03
4.33155030e-01	5.39324991e-02	1.28681073e-03
4.33616072e-01	5.39578423e-02	1.28787535e-03
4.34077114e-01	5.46854660e-02	1.28980936e-03
4.34538186e-01	5.50861582e-02	1.29124383e-03
4.34999228e-01	5.42831942e-02	1.28976745e-03
4.35460299e-01	5.45600876e-02	1.29168085e-03
4.35921341e-01	5.40249161e-02	1.29001704e-03
4.36382383e-01	5.43427877e-02	1.29091053e-03
4.36843455e-01	5.49193099e-02	1.29280938e-03
4.37304497e-01	5.41991219e-02	1.29222870e-03
4.37765568e-01	5.33039048e-02	1.29048782e-03
4.38226610e-01	5.32587245e-02	1.29030470e-03
4.38687682e-01	5.40726408e-02	1.29305688e-03
4.39148724e-01	5.30610010e-02	1.29014626e-03
4.39609766e-01	5.31039126e-02	1.29090459e-03
4.40070838e-01	5.31497672e-02	1.29190646e-03
4.40531880e-01	5.25705293e-02	1.28971855e-03
4.40992951e-01	5.33643439e-02	1.29135768e-03
4.41453993e-01	5.32956608e-02	1.29151496e-03
4.41915065e-01	5.41216210e-02	1.29451917e-03
4.42376107e-01	5.36407642e-02	1.29315897e-03
4.42837149e-01	5.23486957e-02	1.29064848e-03
4.43298221e-01	5.24846427e-02	1.29143591e-03
4.43759263e-01	5.27300835e-02	1.29228027e-03
4.44220334e-01	5.33229224e-02	1.29439903e-03
4.44681376e-01	5.29529043e-02	1.29242125e-03
4.45142418e-01	5.33386394e-02	1.29396073e-03
4.45603490e-01	5.26571497e-02	1.29257108e-03
4.46064532e-01	5.26548550e-02	1.29281287e-03
4.46525604e-01	5.26821800e-02	1.29222241e-03
4.46986645e-01	5.24132662e-02	1.29253359e-03
4.47447717e-01	5.23340330e-02	1.29243336e-03
4.47908759e-01	5.17828949e-02	1.29038817e-03
4.48369801e-01	5.23058176e-02	1.29258796e-03
4.48830873e-01	5.23350015e-02	1.29247853e-03
4.49291915e-01	5.17051145e-02	1.29062869e-03
4.49752986e-01	5.17415926e-02	1.29134743e-03
4.50214028e-01	5.10446541e-02	1.28923939e-03
4.50675070e-01	5.20302430e-02	1.29206828e-03
4.51136142e-01	5.21020480e-02	1.29299168e-03
4.51597184e-01	5.15647344e-02	1.29135745e-03
4.52058256e-01	5.15325293e-02	1.29068352e-03
4.52519298e-01	5.21355160e-02	1.29259867e-03
4.52980369e-01	5.20256534e-02	1.29195582e-03
4.53441411e-01	5.28503060e-02	1.29461649e-03
4.53902453e-01	5.15495911e-02	1.29133626e-03
4.54363525e-01	5.15549406e-02	1.29173347e-03
4.54824567e-01	5.18478863e-02	1.29295187e-03
4.55285639e-01	5.11386320e-02	1.29009783e-03
4.55746680e-01	5.15980609e-02	1.29149656e-03
4.56207752e-01	5.12994006e-02	1.29142357e-03
4.56668794e-01	5.02876565e-02	1.28915161e-03
4.57129836e-01	5.02962470e-02	1.28900819e-03
4.57590908e-01	5.10165580e-02	1.29072310e-03
4.58051950e-01	5.07092848e-02	1.28985220e-03
4.58513021e-01	5.11540771e-02	1.29133346e-03
4.58974063e-01	5.07134683e-02	1.28974905e-03
4.59435105e-01	5.10160848e-02	1.29123894e-03
4.59896177e-01	5.07641211e-02	1.29036943e-03
4.60357219e-01	5.08854575e-02	1.29064918e-03
4.60818291e-01	5.02695553e-02	1.28931529e-03
4.61279333e-01	4.99006435e-02	1.28813169e-03
4.61740404e-01	5.04603460e-02	1.28974044e-03
4.62201446e-01	4.93438765e-02	1.28722179e-03
4.62662488e-01	4.94309179e-02	1.29095756e-03
4.63123560e-01	4.96355221e-02	1.29901548e-03
4.63584602e-01	5.04350960e-02	1.30670355e-03
4.64045674e-01	5.04218116e-02	1.31000974e-03
4.64506716e-01	5.06426916e-02	1.31399115e-03
4.64967757e-01	4.95992675e-02	1.31371501e-03
4.65428829e-01	4.99076508e-02	1.31762039e-03
4.65889871e-01	4.94036339e-02	1.31661654e-03
4.66350943e-01	5.04090488e-02	1.32151414e-03
4.66811985e-01	4.97256182e-02	1.32045534e-03
4.67273057e-01	4.97779883e-02	1.32276746e-03
4.67734098e-01	5.02932779e-02	1.32657518e-03
4.68195140e-01	5.03861681e-02	1.32843549e-03
4.68656212e-01	5.00105806e-02	1.32853142e-03
4.69117254e-01	5.09387068e-02	1.33362215e-03
4.69578326e-01	4.87542674e-02	1.32878439e-03
4.70039368e-01	4.88265716e-02	1.33058731e-03
4.70500439e-01	5.00447527e-02	1.33583811e-03
4.70961481e-01	5.00395671e-02	1.33699435e-03
4.71422523e-01	4.88788970e-02	1.33479317e-03
4.71883595e-01	4.77372110e-02	1.33331597e-03
4.72344637e-01	4.79380265e-02	1.33520318e-03
4.72805709e-01	4.94078323e-02	1.34021125e-03
4.73266751e-01	4.96390685e-02	1.34115433e-03
4.73727793e-01	4.94745299e-02	1.34288822e-03
4.74188864e-01	4.87452671e-02	1.34145655e-03
4.74649906e-01	4.89099957e-02	1.34285504e-03
4.75110978e-01	4.79894839e-02	1.34112069e-03
4.75572020e-01	4.88568917e-02	1.34508987e-03
4.76033092e-01	4.77429405e-02	1.34168239e-03
4.76494133e-01	4.78792302e-02	1.34272804e-03
4.76955175e-01	4.81341295e-02	1.34359975e-03
4.77416247e-01	4.87351418e-02	1.34655868e-03
4.77877289e-01	4.77769449e-02	1.34430977e-03
4.78338361e-01	4.77087386e-02	1.34433492e-03
4.78799403e-01	4.74675223e-02	1.34349102e-03
4.79260445e-01	4.79857773e-02	1.34484144e-03
4.79721516e-01	4.84115742e-02	1.34680013e-03
4.80182558e-01	4.84646671e-02	1.34709501e-03
4.80643630e-01	4.81501743e-02	1.34704530e-03
4.81104672e-01	4.83591892e-02	1.34824926e-03
4.81565744e-01	4.79643866e-02	1.34716812e-03
4.82026786e-01	4.82366458e-02	1.34848012e-03
4.82487828e-01	4.70620319e-02	1.34455157e-03
4.82948899e-01	4.85556386e-02	1.35057070e-03
4.83409941e-01	4.75941971e-02	1.34783634e-03
4.83871013e-01	4.74342406e-02	1.34877407e-03
4.84332055e-01	4.69370857e-02	1.34751131e-03
4.84793127e-01	4.84043583e-02	1.35229807e-03
4.85254169e-01	4.81518134e-02	1.35232601e-03
4.85715210e-01	4.76947054e-02	1.35202415e-03
4.86176282e-01	4.60760184e-02	1.34742155e-03
4.86637324e-01	4.68276255e-02	1.35039701e-03
4.87098396e-01	4.81308326e-02	1.35395059e-03
4.87559438e-01	4.78999503e-02	1.35403348e-03
4.88020480e-01	4.61617187e-02	1.34948199e-03
4.88481551e-01	4.64779772e-02	1.35255291e-03
4.88942593e-01	4.65538315e-02	1.35292951e-03
4.89403665e-01	4.72966097e-02	1.35479984e-03
4.89864707e-01	4.69493233e-02	1.35404617e-03
4.90325779e-01	4.66622338e-02	1.35401427e-03
4.90786821e-01	4.70265672e-02	1.35640276e-03
4.91247863e-01	4.77576852e-02	1.35859591e-03
4.91708934e-01	4.61807251e-02	1.35389215e-03
4.92169976e-01	4.61520404e-02	1.35566038e-03
4.92631048e-01	4.50819805e-02	1.35368784e-03
4.93092090e-01	4.46508117e-02	1.35246082e-03
4.93553132e-01	4.68128696e-02	1.35947007e-03
4.94014204e-01	4.74240668e-02	1.36181654e-03
4.94475245e-01	4.70758043e-02	1.36075460e-03
4.94936317e-01	4.60219309e-02	1.35773001e-03
4.95397359e-01	4.67221960e-02	1.36127253e-03
4.95858431e-01	4.57355678e-02	1.35885342e-03
4.96319473e-01	4.55048755e-02	1.35864981e-03
4.96780515e-01	4.64988910e-02	1.36249338e-03
4.97241586e-01	4.57974039e-02	1.36098254e-03
4.97702628e-01	4.47420217e-02	1.35838927e-03
4.98163700e-01	4.54964116e-02	1.36211095e-03
4.98624742e-01	4.51088473e-02	1.36020663e-03
4.99085814e-01	4.61733006e-02	1.36483996e-03
4.99546856e-01	4.54215482e-02	1.36253319e-03
5.00007927e-01	4.53624055e-02	1.36311608e-03
5.00468969e-01	4.48355004e-02	1.36259804e-03
5.00930011e-01	4.45876122e-02	1.36209535e-03
5.01391053e-01	4.50260751e-02	1.36429281e-03
5.01852155e-01	4.44448218e-02	1.36283191e-03
5.02313197e-01	4.47089002e-02	1.36490283e-03
5.02774239e-01	4.45546135e-02	1.36474951e-03
5.03235281e-01	4.43903282e-02	1.36501784e-03
5.03696322e-01	4.41998057e-02	1.36523473e-03
5.04157424e-01	4.35878038e-02	1.36257079e-03
5.04618466e-01	4.43160459e-02	1.36540621e-03
5.05079508e-01	4.32555750e-02	1.36297685e-03
5.05540550e-01	4.46099117e-02	1.36912125e-03
5.06001592e-01	4.45171781e-02	1.36833906e-03
5.06462693e-01	4.39702980e-02	1.36713288e-03
5.06923735e-01	4.42847759e-02	1.36855559e-03
5.07384777e-01	4.41278853e-02	1.36814662e-03
5.07845819e-01	4.41861451e-02	1.37025304e-03
5.08306861e-01	4.42290194e-02	1.37016724e-03
5.08767962e-01	4.40892763e-02	1.37004326e-03
5.09229004e-01	4.37379368e-02	1.37068250e-03
5.09690046e-01	4.29902449e-02	1.36844977e-03
5.10151088e-01	4.31842506e-02	1.36998820e-03
5.10612190e-01	4.37622741e-02	1.37275050e-03
5.11073232e-01	4.42067161e-02	1.37386669e-03
5.11534274e-01	4.32637557e-02	1.37141685e-03
5.11995316e-01	4.26816344e-02	1.37076993e-03
5.12456357e-01	4.19104211e-02	1.36911334e-03
5.12917459e-01	4.13258001e-02	1.36821344e-03
5.13378501e-01	4.13822755e-02	1.36958319e-03
5.13839543e-01	4.24001925e-02	1.37285038e-03
5.14300585e-01	4.31941673e-02	1.37524621e-03
5.14761627e-01	4.24378254e-02	1.37325819e-03
5.15222728e-01	4.17417288e-02	1.37112394e-03
5.15683770e-01	4.29805070e-02	1.37483329e-03
5.16144812e-01	4.27273549e-02	1.37446029e-03
5.16605854e-01	4.21552584e-02	1.37395621e-03
5.17066896e-01	4.18429859e-02	1.37244619e-03
5.17527997e-01	4.29570153e-02	1.37538323e-03
5.17989039e-01	4.24370281e-02	1.37401337e-03
5.18450081e-01	4.23048586e-02	1.37462153e-03
5.18911123e-01	4.22529131e-02	1.37532700e-03
5.19372165e-01	4.23148349e-02	1.37480907e-03
5.19833267e-01	4.19818759e-02	1.37414958e-03
5.20294309e-01	4.17380594e-02	1.37397484e-03
5.20755351e-01	4.14219834e-02	1.37237983e-03
5.21216393e-01	4.21984009e-02	1.37545844e-03
5.21677494e-01	4.26740125e-02	1.37696788e-03
5.22138536e-01	4.18559536e-02	1.37366855e-03
5.22599578e-01	4.13311943e-02	1.37327088e-03
5.23060620e-01	4.06700149e-02	1.37141231e-03
5.23521662e-01	4.15575095e-02	1.37425528e-03
5.23982763e-01	4.07606699e-02	1.37277145e-03
5.24443805e-01	4.01712656e-02	1.37080555e-03
5.24904847e-01	4.10934389e-02	1.37337600e-03
5.25365889e-01	4.17161845e-02	1.37609907e-03
5.25826931e-01	4.09580469e-02	1.37434038e-03
5.26288033e-01	4.10277955e-02	1.37603772e-03
5.26749074e-01	4.12946269e-02	1.37634133e-03
5.27210116e-01	4.14281562e-02	1.37705996e-03
5.27671158e-01	4.15084288e-02	1.37797208e-03
5.28132200e-01	4.16974947e-02	1.37894717e-03
5.28593302e-01	4.10662368e-02	1.37801480e-03
5.29054344e-01	3.94823179e-02	1.37272489e-03
5.29515386e-01	4.01246138e-02	1.37662340e-03
5.29976428e-01	3.97927687e-02	1.37577613e-03
5.30437529e-01	4.02005687e-02	1.37709035e-03
5.30898571e-01	4.01407927e-02	1.37731293e-03
5.31359613e-01	4.00990061e-02	1.37749710e-03
5.31820655e-01	4.04108092e-02	1.37923914e-03
5.32281697e-01	4.02124375e-02	1.37924193e-03
5.32742798e-01	3.97284888e-02	1.37782702e-03
5.33203840e-01	4.01015282e-02	1.37927395e-03
5.33664882e-01	4.01466861e-02	1.38665806e-03
5.34125924e-01	3.99380587e-02	1.39513891e-03
5.34586966e-01	3.94713283e-02	1.39803090e-03
5.35048068e-01	3.92472446e-02	1.39934232e-03
5.35509109e-01	3.97928208e-02	1.40318647e-03
5.35970151e-01	4.01389003e-02	1.40687614e-03
5.36431193e-01	3.93946581e-02	1.40875601e-03
5.36892235e-01	4.02458720e-02	1.41451217e-03
5.37353337e-01	3.99945639e-02	1.41667505e-03
5.37814379e-01	3.92979272e-02	1.41728565e-03
5.38275421e-01	3.96877304e-02	1.42084458e-03
5.38736463e-01	4.06417027e-02	1.42674416e-03
5.39197505e-01	4.01683077e-02	1.42775499e-03
5.39658606e-01	3.94562073e-02	1.42832880e-03
5.40119648e-01	3.84069942e-02	1.42699678e-03
5.40580690e-01	3.90547253e-02	1.43128191e-03
5.41041732e-01	3.94128785e-02	1.43500557e-03
5.41502833e-01	3.84228602e-02	1.43395236e-03
5.41963875e-01	3.96627709e-02	1.44946377e-03
5.42424917e-01	3.93650308e-02	1.46156549e-03
5.42885959e-01	3.84284221e-02	1.46815460e-03
5.43347001e-01	3.80804017e-02	1.47549156e-03
5.43808103e-01	3.81394848e-02	1.48244807e-03
5.44269145e-01	3.81329544e-02	1.48843275e-03
5.44730186e-01	3.83245721e-02	1.49475364e-03
5.45191228e-01	3.83532122e-02	1.49951980e-03
5.45652270e-01	3.87666710e-02	1.50670065e-03
5.46113372e-01	3.78282703e-02	1.50917983e-03
5.46574414e-01	3.80077809e-02	1.51624694e-03
5.47035456e-01	3.84911224e-02	1.52265828e-03
5.47496498e-01	3.75873819e-02	1.52584480e-03
5.47957540e-01	3.67393643e-02	1.52788532e-03
5.48418641e-01	3.85104194e-02	1.53860170e-03
5.48879683e-01	3.84290516e-02	1.54400500e-03
5.49340725e-01	3.74914780e-02	1.54574239e-03
5.49801767e-01	3.74449305e-02	1.54944765e-03
5.50262868e-01	3.82615402e-02	1.55676168e-03
5.50723910e-01	3.88314202e-02	1.56419934e-03
5.51184952e-01	3.83803174e-02	1.56721100e-03
5.51645994e-01	3.79426964e-02	1.57067890e-03
5.52107036e-01	3.82052921e-02	1.57647429e-03
5.52568138e-01	3.75477001e-02	1.57961098e-03
5.53029180e-01	3.65055129e-02	1.57988782e-03
5.53490222e-01	3.76079641e-02	1.58993865e-03
5.53951263e-01	3.70200574e-02	1.59156474e-03
5.54412305e-01	3.70456167e-02	1.59599888e-03
5.54873407e-01	3.60915884e-02	1.59696338e-03
5.55334449e-01	3.69967222e-02	1.60526508e-03
5.55795491e-01	3.65418717e-02	1.60690141e-03
5.56256533e-01	3.61925960e-02	1.61070877e-03
5.56717575e-01	3.66609655e-02	1.61770638e-03
5.57178676e-01	3.72338519e-02	1.62392890e-03
5.57639718e-01	3.62859517e-02	1.62384624e-03
5.58100760e-01	3.83104011e-02	1.63678103e-03
5.58561802e-01	3.69697511e-02	1.63619104e-03
5.59022903e-01	3.58886272e-02	1.63721014e-03
5.59483945e-01	3.50433588e-02	1.63819804e-03
5.59944987e-01	3.59493494e-02	1.64584327e-03
5.60406029e-01	3.64864469e-02	1.65214227e-03
5.60867071e-01	3.57548967e-02	1.65429583e-03
5.61328173e-01	3.49779800e-02	1.65576604e-03
5.61789215e-01	3.55782993e-02	1.66357984e-03
5.62250257e-01	3.49991731e-02	1.66527333e-03
5.62711298e-01	3.60278301e-02	1.67328678e-03
5.63172340e-01	3.61627564e-02	1.67690474e-03
5.63633442e-01	3.60045284e-02	1.68171409e-03
5.64094484e-01	3.66159827e-02	1.68873393e-03
5.64555526e-01	3.57730724e-02	1.68923172e-03
5.65016568e-01	3.50529253e-02	1.69230998e-03
5.65477610e-01	3.45599875e-02	1.69478147e-03
5.65938711e-01	3.55639197e-02	1.70330575e-03
5.66399753e-01	3.56279314e-02	1.70717551e-03
5.66860795e-01	3.45712975e-02	1.70693011e-03
5.67321837e-01	3.48313078e-02	1.71254366e-03
5.67782879e-01	3.61401960e-02	1.72333256e-03
5.68243980e-01	3.52698788e-02	1.72307785e-03
5.68705022e-01	3.60852107e-02	1.73128361e-03
5.69166064e-01	3.52405682e-02	1.73329527e-03
5.69627106e-01	3.51244211e-02	1.73633394e-03
5.70088208e-01	3.71994600e-02	1.74893532e-03
5.70549250e-01	3.63343321e-02	1.74983311e-03
5.71010292e-01	3.51584703e-02	1.75057666e-03
5.71471334e-01	3.46255675e-02	1.75285398e-03
5.71932375e-01	3.65212858e-02	1.76594895e-03
5.72393477e-01	3.47383693e-02	1.76032598e-03
5.72854519e-01	3.56806964e-02	1.76942197e-03
5.73315561e-01	3.50018032e-02	1.76961836e-03
5.73776603e-01	3.57789472e-02	1.77594146e-03
5.74237645e-01	3.47030126e-02	1.77545007e-03
5.74698746e-01	3.40388156e-02	1.77723006e-03
5.75159788e-01	3.50751914e-02	1.78528600e-03
5.75620830e-01	3.52266356e-02	1.78940431e-03
5.76081872e-01	3.50965671e-02	1.79156451e-03
5.76542914e-01	3.50155830e-02	1.79550087e-03
5.77004015e-01	3.29298936e-02	1.79085101e-03
5.77465057e-01	3.30295227e-02	1.79592893e-03
5.77926099e-01	3.39789279e-02	1.80352165e-03
5.78387141e-01	3.44269052e-02	1.80753344e-03
5.78848243e-01	3.43062393e-02	1.81237073e-03
5.79309285e-01	3.35480794e-02	1.81336305e-03
5.79770327e-01	3.44492309e-02	1.82228035e-03
5.80231369e-01	3.29226926e-02	1.82048231e-03
5.80692410e-01	3.30356434e-02	1.82572042e-03
5.81153512e-01	3.32625285e-02	1.83119322e-03
5.81614554e-01	3.34852636e-02	1.83568394e-03
5.82075596e-01	3.42541672e-02	1.84473116e-03
5.82536638e-01	3.28158848e-02	1.84344500e-03
5.82997680e-01	3.23458053e-02	1.84705481e-03
5.83458781e-01	3.30702886e-02	1.85424066e-03
5.83919823e-01	3.41106169e-02	1.86395296e-03
5.84380865e-01	3.23205665e-02	1.86178624e-03
5.84841907e-01	3.27351689e-02	1.86788733e-03
5.85302949e-01	3.49444076e-02	1.88163109e-03
5.85764050e-01	3.30870822e-02	1.87865715e-03
5.86225092e-01	3.27042341e-02	1.88170583e-03
5.86686134e-01	3.27805504e-02	1.88723695e-03
5.87147176e-01	3.35034803e-02	1.89487042e-03
5.87608278e-01	3.41280289e-02	1.90226454e-03
5.88069320e-01	3.24546471e-02	1.90095976e-03
5.88530362e-01	3.35414708e-02	1.91175996e-03
5.88991404e-01	3.31709310e-02	1.91460049e-03
5.89452446e-01	3.21865827e-02	1.91573112e-03
5.89913547e-01	3.37986648e-02	1.92831585e-03
5.90374589e-01	3.28460746e-02	1.92707719e-03
5.90835631e-01	3.39438319e-02	1.93703151e-03
5.91296673e-01	3.33284773e-02	1.93937588e-03
5.91757715e-01	3.21741365e-02	1.94144598e-03
5.92218816e-01	3.22005041e-02	1.94700563e-03
5.92679858e-01	3.16355899e-02	1.94906746e-03
5.93140900e-01	3.30788270e-02	1.96093274e-03
5.93601942e-01	3.25587504e-02	1.96252321e-03
5.94062984e-01	3.30683514e-02	1.97184784e-03
5.94524086e-01	3.20431180e-02	1.97104132e-03
5.94985127e-01	3.32904980e-02	1.98219391e-03
5.95446169e-01	3.29354592e-02	1.98541582e-03
5.95907211e-01	3.24402191e-02	1.99005567e-03
5.96368253e-01	3.25677656e-02	1.99585804e-03
5.96829355e-01	3.32449451e-02	2.00545229e-03
5.97290397e-01	3.29492986e-02	2.00883276e-03
5.97751439e-01	3.34193110e-02	2.01642979e-03
5.98212481e-01	3.29827890e-02	2.02050665e-03
5.98673582e-01	3.31740193e-02	2.02785386e-03
5.99134624e-01	3.34472656e-02	2.03387113e-03
5.99595666e-01	3.27680930e-02	2.03534821e-03
6.00056708e-01	3.32123823e-02	2.04308704e-03
6.00517750e-01	3.29319462e-02	2.04886403e-03
6.00978851e-01	3.33778188e-02	2.05656164e-03
6.01439893e-01	3.31329703e-02	2.05963710e-03
6.01900935e-01	3.24179977e-02	2.06395960e-03
6.02361977e-01	3.16383801e-02	2.06480362e-03
6.02823019e-01	3.35670896e-02	2.08137510e-03
6.03284121e-01	3.34331021e-02	2.08501751e-03
6.03745162e-01	3.27911489e-02	2.08941964e-03
6.04206204e-01	3.18539441e-02	2.09256867e-03
6.04667246e-01	3.19207832e-02	2.09906185e-03
6.05128288e-01	3.22595686e-02	2.10757065e-03
6.05589390e-01	3.17081399e-02	2.10644212e-03
6.06050432e-01	3.29754874e-02	2.11898657e-03
6.06511474e-01	3.18566561e-02	2.11920287e-03
6.06972516e-01	3.21259610e-02	2.12487951e-03
6.07433617e-01	3.22923139e-02	2.12993147e-03
6.07894659e-01	3.35612334e-02	2.14164006e-03
6.08355701e-01	3.16747949e-02	2.13754340e-03
6.08816743e-01	3.25314179e-02	2.14679795e-03
6.09277785e-01	3.30661312e-02	2.15224735e-03
6.09738886e-01	3.18822786e-02	2.15480174e-03
6.10199928e-01	3.06289084e-02	2.15293909e-03
6.10660970e-01	3.27814259e-02	2.16799765e-03
6.11122012e-01	3.21261659e-02	2.16911663e-03
6.11583054e-01	3.12170833e-02	2.17173086e-03
6.12044156e-01	3.09390370e-02	2.17819004e-03
6.12505198e-01	3.10930610e-02	2.18075374e-03
6.12966239e-01	3.18455622e-02	2.18969421e-03
6.13427281e-01	3.16764638e-02	2.19519995e-03
6.13888323e-01	3.03505398e-02	2.19194405e-03
6.14349425e-01	3.03772204e-02	2.20142794e-03
6.14810467e-01	2.98783630e-02	2.20393762e-03
6.15271509e-01	3.05870175e-02	2.21356610e-03
6.15732551e-01	3.12689543e-02	2.22601951e-03
6.16193652e-01	3.15349773e-02	2.23455904e-03
6.16654694e-01	3.14202830e-02	2.23961612e-03
6.17115736e-01	3.02500222e-02	2.24159891e-03
6.17576778e-01	2.99022738e-02	2.24690954e-03
6.18037820e-01	3.06061450e-02	2.25824257e-03
6.18498921e-01	3.04511376e-02	2.26607919e-03
6.18959963e-01	2.96196453e-02	2.26852670e-03
6.19421005e-01	3.15193683e-02	2.28469959e-03
6.19882047e-01	3.03588770e-02	2.28589354e-03
6.20343089e-01	2.96547711e-02	2.29102583e-03
6.20804191e-01	2.99804509e-02	2.29849527e-03
6.21265233e-01	2.98967212e-02	2.30689649e-03
6.21726274e-01	3.06561552e-02	2.31824629e-03
6.22187316e-01	3.11748274e-02	2.32843542e-03
6.22648358e-01	3.00354175e-02	2.33087689e-03
6.23109460e-01	2.94915829e-02	2.33288901e-03
6.23570502e-01	3.01801525e-02	2.34603090e-03
6.24031544e-01	2.98261456e-02	2.35338835e-03
6.24492586e-01	2.88292076e-02	2.35606288e-03
6.24953628e-01	2.82337181e-02	2.36283476e-03
6.25414729e-01	2.94458475e-02	2.37772195e-03
6.25875771e-01	2.96635516e-02	2.38465564e-03
6.26336813e-01	2.95071658e-02	2.39091180e-03
6.26797855e-01	2.97184624e-02	2.40241177e-03
6.27258956e-01	2.93683708e-02	2.40917527e-03
6.27719998e-01	2.88796984e-02	2.41372688e-03
6.28181040e-01	2.86281500e-02	2.42249272e-03
6.28642082e-01	3.11779343e-02	2.44518416e-03
6.29103124e-01	2.77809408e-02	2.43393355e-03
6.29564226e-01	2.83421427e-02	2.44937697e-03
6.30025268e-01	2.91216634e-02	2.45875469e-03
6.30486310e-01	2.97487620e-02	2.47085956e-03
6.30947351e-01	2.84846928e-02	2.46870960e-03
6.31408393e-01	2.88482253e-02	2.47977627e-03
6.31869495e-01	2.88562980e-02	2.48816120e-03
6.32330537e-01	2.98922267e-02	2.49955384e-03
6.32791579e-01	3.10498569e-02	2.51381705e-03
6.33252621e-01	3.02216113e-02	2.51503335e-03
6.33713663e-01	2.87599079e-02	2.51468015e-03
6.34174764e-01	2.96195541e-02	2.52911169e-03
6.34635806e-01	2.89989449e-02	2.53326516e-03
6.35096848e-01	2.75543425e-02	2.53211916e-03
6.35557890e-01	2.84107868e-02	2.54553254e-03
6.36018991e-01	2.95744836e-02	2.55981041e-03
6.36480033e-01	2.81726979e-02	2.55637174e-03
6.36941075e-01	2.90992502e-02	2.57207314e-03
6.37402117e-01	2.85789315e-02	2.57726014e-03
6.37863159e-01	2.97967289e-02	2.59327819e-03
6.38324261e-01	2.87967511e-02	2.59402208e-03
6.38785303e-01	3.06160096e-02	2.61306041e-03
6.39246345e-01	3.01770754e-02	2.61737802e-03
6.39707386e-01	2.79989541e-02	2.61464622e-03
6.40168428e-01	2.71691084e-02	2.61659478e-03
6.40629530e-01	2.93383412e-02	2.64023896e-03
6.41090572e-01	2.88596004e-02	2.64632702e-03
6.41551614e-01	2.87446193e-02	2.65382067e-03
6.42012656e-01	2.83513218e-02	2.66009476e-03
6.42473698e-01	2.77788006e-02	2.66405055e-03
6.42934799e-01	2.90268306e-02	2.68418202e-03
6.43395841e-01	2.80522201e-02	2.68727122e-03
6.43856883e-01	2.78883614e-02	2.69301096e-03
6.44317925e-01	2.92109251e-02	2.71126768e-03
6.44779027e-01	2.90679280e-02	2.71839229e-03
6.45240068e-01	2.84217447e-02	2.72493274e-03
6.45701110e-01	2.86110695e-02	2.73433677e-03
6.46162152e-01	2.91181765e-02	2.74503557e-03
6.46623194e-01	2.92724371e-02	2.75988039e-03
6.47084296e-01	2.80017368e-02	2.75809923e-03
6.47545338e-01	2.76185013e-02	2.76544085e-03
6.48006380e-01	2.66533699e-02	2.76941387e-03
6.48467422e-01	2.75129043e-02	2.78509688e-03
6.48928463e-01	2.86041945e-02	2.80099828e-03
6.49389565e-01	2.82792803e-02	2.80704862e-03
6.49850607e-01	2.89173126e-02	2.82455073e-03
6.50311649e-01	2.80098803e-02	2.82921200e-03
6.50772691e-01	2.91480962e-02	2.84758629e-03
6.51233733e-01	2.88758334e-02	2.85754260e-03
6.51694834e-01	2.90192217e-02	2.86567979e-03
6.52155876e-01	3.04234438e-02	2.88225152e-03
6.52616918e-01	2.86458842e-02	2.88316119e-03
6.53077960e-01	2.81655993e-02	2.89375847e-03
6.53539002e-01	2.77474225e-02	2.90413317e-03
6.54000103e-01	2.57681422e-02	2.90082255e-03
6.54461145e-01	2.77132094e-02	2.92707258e-03
6.54922187e-01	2.79789902e-02	2.93667079e-03
6.55383229e-01	2.88742520e-02	2.95284833e-03
6.55844331e-01	2.99731251e-02	2.97060912e-03
6.56305373e-01	2.83654295e-02	2.97136931e-03
6.56766415e-01	2.78630052e-02	2.98321387e-03
6.57227457e-01	2.63223741e-02	2.98379920e-03
6.57688498e-01	2.66780853e-02	2.99893366e-03
6.58149600e-01	2.83796936e-02	3.02424375e-03
6.58610642e-01	2.68556513e-02	3.02819465e-03
6.59071684e-01	2.65409891e-02	3.03771370e-03
6.59532726e-01	2.79117376e-02	3.05625470e-03
6.59993768e-01	2.77716070e-02	3.06600775e-03
6.60454869e-01	2.78768782e-02	3.08241462e-03
6.60915911e-01	2.66714692e-02	3.08473059e-03
6.61376953e-01	2.66931616e-02	3.09790764e-03
6.61837995e-01	2.81080306e-02	3.12306848e-03
6.62299037e-01	2.74651404e-02	3.13186343e-03
6.62760139e-01	2.71930005e-02	3.14239552e-03
6.63221180e-01	2.75958385e-02	3.15948622e-03
6.63682222e-01	2.54124962e-02	3.16126202e-03
6.64143264e-01	2.47963630e-02	3.16667301e-03
6.64604366e-01	2.66846865e-02	3.19363922e-03
6.65065408e-01	2.80349646e-02	3.21754813e-03
6.65526450e-01	2.76381616e-02	3.22516821e-03
6.65987492e-01	2.81961169e-02	3.25000216e-03
6.66448534e-01	2.71789674e-02	3.25441407e-03
6.66909635e-01	2.57566180e-02	3.25672654e-03
6.67370677e-01	2.71434374e-02	3.28739500e-03
6.67831719e-01	2.69076433e-02	3.29677830e-03
6.68292761e-01	2.77590193e-02	3.32553801e-03
6.68753803e-01	2.57943384e-02	3.32009466e-03
6.69214904e-01	2.86276229e-02	3.35825467e-03
6.69675946e-01	2.77597066e-02	3.36943194e-03
6.70136988e-01	2.77698748e-02	3.38244997e-03
6.70598030e-01	2.81623099e-02	3.40510043e-03
6.71059072e-01	2.67463978e-02	3.40995146e-03
6.71520174e-01	2.61902921e-02	3.42268823e-03
6.71981215e-01	2.77183838e-02	3.45638278e-03
6.72442257e-01	2.91026440e-02	3.48455319e-03
6.72903299e-01	2.63688918e-02	3.47467512e-03
6.73364401e-01	2.69260500e-02	3.49905016e-03
6.73825443e-01	2.93757711e-02	3.53954406e-03
6.74286485e-01	2.81864442e-02	3.54735809e-03
6.74747527e-01	2.59453207e-02	3.54690966e-03
6.75208569e-01	2.73877569e-02	3.58413113e-03
6.75669670e-01	2.69854702e-02	3.59650259e-03
6.76130712e-01	2.50518266e-02	3.60580767e-03
6.76591754e-01	2.65974645e-02	3.63996299e-03
6.77052796e-01	2.60580126e-02	3.64987249e-03
6.77513838e-01	2.63103191e-02	3.67759494e-03
6.77974939e-01	2.67511811e-02	3.69969383e-03
6.78435981e-01	2.55518407e-02	3.71035887e-03
6.78897023e-01	2.73252670e-02	3.74718150e-03
6.79358065e-01	2.70842761e-02	3.76883452e-03
6.79819107e-01	2.56297626e-02	3.78251076e-03
6.80280209e-01	2.64445804e-02	3.81426397e-03
6.80741251e-01	2.63049807e-02	3.83381406e-03
6.81202292e-01	2.50446554e-02	3.84386559e-03
6.81663334e-01	2.48931665e-02	3.86723736e-03
6.82124376e-01	2.51645111e-02	3.89549509e-03
6.82585478e-01	2.50794981e-02	3.91626451e-03
6.83046520e-01	2.75079515e-02	3.97057505e-03
6.83507562e-01	2.53110379e-02	3.96857690e-03
6.83968604e-01	2.66149305e-02	4.00932832e-03
6.84429705e-01	2.53446139e-02	4.03133454e-03
6.84890747e-01	2.53011771e-02	4.05272190e-03
6.85351789e-01	2.80817859e-02	4.11265809e-03
6.85812831e-01	2.60867067e-02	4.12342371e-03
6.86273873e-01	2.44392660e-02	4.13406733e-03
6.86734974e-01	2.48312093e-02	4.17207368e-03
6.87196016e-01	2.34784391e-02	4.18242346e-03
6.87657058e-01	2.73168590e-02	4.25538560e-03
6.88118100e-01	2.60802116e-02	4.26857034e-03
6.88579142e-01	2.47925632e-02	4.28322144e-03
6.89040244e-01	2.87426747e-02	4.36989777e-03
6.89501286e-01	2.42712982e-02	4.34935605e-03
6.89962327e-01	2.59271711e-02	4.40274831e-03
6.90423369e-01	2.64913086e-02	4.43778792e-03
6.90884411e-01	2.43369378e-02	4.44291811e-03
6.91345513e-01	2.48510409e-02	4.48051095e-03
6.91806555e-01	2.54992805e-02	4.50659031e-03
6.92267597e-01	2.68267393e-02	4.54600248e-03
6.92728639e-01	2.47789994e-02	4.54316847e-03
6.93189740e-01	2.30262931e-02	4.55722306e-03
6.93650782e-01	2.37116180e-02	4.59758332e-03
6.94111824e-01	2.54404284e-02	4.63411259e-03
6.94572866e-01	2.54657082e-02	4.66408161e-03
6.95033908e-01	2.73507927e-02	4.71699610e-03
6.95495009e-01	2.53296681e-02	4.71689319e-03
6.95956051e-01	2.26258989e-02	4.72147344e-03
6.96417093e-01	2.32663378e-02	4.75797895e-03
6.96878135e-01	2.54581068e-02	4.82229702e-03
6.97339177e-01	2.69339867e-02	4.87018563e-03
6.97800279e-01	2.41843909e-02	4.86637931e-03
6.98261321e-01	2.40351222e-02	4.89691924e-03
6.98722363e-01	2.37714685e-02	4.92079556e-03
6.99183404e-01	2.41383873e-02	4.97506605e-03
6.99644446e-01	2.44239382e-02	5.00716176e-03
7.00105548e-01	2.55001932e-02	5.04230428e-03
7.00566590e-01	2.54334696e-02	5.08140679e-03
7.01027632e-01	2.59204861e-02	5.13306446e-03
7.01488674e-01	2.34741885e-02	5.14320191e-03
7.01949775e-01	2.31734402e-02	5.17330598e-03
7.02410817e-01	2.45756097e-02	5.23593975e-03
7.02871859e-01	2.48756036e-02	5.27448812e-03
7.03332901e-01	2.24272907e-02	5.28472569e-03
7.03793943e-01	2.62416005e-02	5.38312877e-03
7.04255044e-01	2.47207638e-02	5.39235678e-03
7.04716086e-01	2.53305938e-02	5.45149762e-03
7.05177128e-01	2.47425735e-02	5.47441561e-03
7.05638170e-01	2.36897729e-02	5.51733887e-03
7.06099212e-01	2.53851917e-02	5.58413239e-03
7.06560314e-01	2.50898451e-02	5.59494039e-03
7.07021356e-01	2.25391742e-02	5.59237925e-03
7.07482398e-01	2.55957432e-02	5.66917239e-03
7.07943439e-01	2.23238487e-02	5.65091008e-03
7.08404481e-01	2.17373557e-02	5.67645673e-03
7.08865583e-01	2.24942546e-02	5.70254214e-03
7.09326625e-01	2.52403133e-02	5.77228656e-03
7.09787667e-01	2.21434776e-02	5.73650049e-03
7.10248709e-01	2.49998309e-02	5.81318978e-03
7.10709751e-01	2.28348114e-02	5.82717126e-03
7.11170852e-01	2.30992343e-02	5.84243936e-03
7.11631894e-01	2.50841789e-02	5.91965299e-03
7.12092936e-01	2.35850476e-02	5.90536185e-03
7.12553978e-01	2.48551723e-02	5.94912888e-03
7.13015079e-01	2.17830408e-02	5.93932625e-03
7.13476121e-01	2.31717043e-02	5.98724280e-03
7.13937163e-01	2.68604103e-02	6.08446635e-03
7.14398205e-01	2.28243209e-02	6.04055915e-03
7.14859247e-01	2.32118182e-02	6.09793048e-03
7.15320349e-01	2.31001489e-02	6.12342684e-03
7.15781391e-01	2.31827796e-02	6.14704331e-03
7.16242433e-01	2.07908805e-02	6.15831045e-03
7.16703475e-01	2.33902764e-02	6.22472214e-03
7.17164516e-01	2.53417753e-02	6.27859682e-03
7.17625618e-01	2.66882814e-02	6.35259366e-03
7.18086660e-01	2.26811972e-02	6.30840147e-03
7.18547702e-01	1.81854479e-02	6.30092015e-03
7.19008744e-01	2.00436302e-02	6.34597382e-03
7.19469786e-01	2.35534869e-02	6.43227249e-03
7.19930887e-01	2.78598014e-02	6.54885918e-03
7.20391929e-01	2.60680113e-02	6.53086975e-03
7.20852971e-01	2.85383258e-02	6.62491098e-03
7.21314013e-01	2.60929167e-02	6.63222838e-03
7.21775115e-01	2.20405012e-02	6.60078460e-03
7.22236156e-01	2.69392617e-02	6.74337149e-03
7.22697198e-01	2.26670150e-02	6.69616321e-03
7.23158240e-01	2.29972247e-02	6.76151132e-03
7.23619282e-01	1.96547695e-02	6.73938543e-03
7.24080384e-01	2.19908394e-02	6.83069136e-03
7.24541426e-01	2.23791152e-02	6.86857011e-03
7.25002468e-01	2.42314637e-02	6.94551412e-03
7.25463510e-01	2.42068693e-02	7.01352209e-03
7.25924551e-01	2.46862527e-02	7.05327187e-03
7.26385653e-01	2.53295954e-02	7.12165097e-03
7.26846695e-01	2.05319226e-02	7.08783418e-03
7.27307737e-01	2.54671331e-02	7.21087679e-03
7.27768779e-01	3.13695967e-02	7.37826666e-03
7.28229821e-01	2.50787400e-02	7.30065908e-03
7.28690922e-01	1.94288678e-02	7.28291925e-03
7.29151964e-01	2.42562927e-02	7.42758671e-03
7.29613006e-01	2.20619813e-02	7.42512848e-03
7.30074048e-01	1.79544427e-02	7.42474571e-03
7.30535090e-01	2.22312994e-02	7.55124679e-03
7.30996192e-01	2.22153254e-02	7.62940338e-03
7.31457233e-01	2.24794243e-02	7.68516213e-03
7.31918275e-01	2.48446353e-02	7.76684564e-03
7.32379317e-01	2.50960141e-02	7.85402767e-03
7.32840419e-01	2.54639275e-02	7.90677778e-03
7.33301461e-01	2.22960189e-02	7.94554222e-03
7.33762503e-01	2.16485038e-02	7.99346529e-03
7.34223545e-01	2.17117760e-02	8.06971453e-03
7.34684587e-01	2.16179434e-02	8.15549586e-03
7.35145688e-01	2.14804672e-02	8.22272338e-03
7.35606730e-01	1.85547881e-02	8.26611742e-03
7.36067772e-01	2.21104212e-02	8.38049501e-03
7.36528814e-01	2.52956413e-02	8.50922149e-03
7.36989856e-01	2.64592767e-02	8.65565613e-03
7.37450957e-01	2.36150976e-02	8.65776744e-03
7.37911999e-01	2.73090806e-02	8.85410048e-03
7.38373041e-01	2.42172424e-02	8.83973204e-03
7.38834083e-01	2.44188998e-02	8.94243363e-03
7.39295125e-01	2.65636779e-02	9.14772414e-03
7.39756227e-01	2.15286016e-02	9.09588300e-03
7.40217268e-01	2.21910737e-02	9.25057381e-03
7.40678310e-01	1.98223554e-02	9.28769074e-03
7.41139352e-01	2.38485150e-02	9.47472826e-03
7.41600454e-01	2.50939466e-02	9.63298045e-03
7.42061496e-01	2.19429582e-02	9.65313893e-03
7.42522538e-01	2.71362122e-02	9.97364707e-03
7.42983580e-01	2.35460177e-02	9.93125793e-03
7.43444622e-01	2.59925667e-02	1.01899579e-02
7.43905723e-01	2.49182880e-02	1.03432927e-02
7.44366765e-01	1.97571460e-02	1.02659836e-02
7.44827807e-01	2.14335043e-02	1.05513483e-02
7.45288849e-01	1.92414001e-02	1.06007215e-02
7.45749891e-01	2.10978463e-02	1.08489366e-02
7.46210992e-01	2.23964937e-02	1.10569168e-02
7.46672034e-01	2.26305164e-02	1.12097096e-02
7.47133076e-01	2.16815174e-02	1.14937741e-02
7.47594118e-01	2.18761489e-02	1.16670849e-02
7.48055160e-01	2.23007314e-02	1.19170528e-02
7.48516262e-01	2.21246816e-02	1.21344691e-02
7.48977304e-01	1.95901413e-02	1.22768469e-02
7.49438345e-01	2.28122137e-02	1.26871644e-02
7.49899387e-01	2.23812647e-02	1.28207803e-02
7.50360489e-01	2.99917199e-02	1.34831173e-02
7.50821531e-01	2.07191668e-02	1.34706004e-02
7.51282573e-01	2.09823754e-02	1.37891797e-02
7.51743615e-01	2.32280716e-02	1.43626584e-02
7.52204657e-01	2.81685330e-02	1.47926686e-02
7.52665758e-01	2.97139138e-02	1.53661342e-02
7.53126800e-01	3.19290496e-02	1.59662999e-02
7.53587842e-01	2.35816948e-02	1.60915758e-02
7.54048884e-01	2.29465757e-02	1.68544278e-02
7.54509926e-01	1.94659084e-02	1.72160100e-02
7.54971027e-01	3.06573175e-02	1.85582675e-02
7.55432069e-01	3.66230235e-02	1.97187103e-02
7.55893111e-01	1.89724080e-02	1.97890494e-02
7.56354153e-01	1.86350159e-02	2.11343933e-02
7.56815195e-01	2.07658596e-02	2.24126130e-02
7.57276297e-01	2.13655084e-02	2.43471768e-02
7.57737339e-01	1.90909542e-02	2.59856544e-02
7.58198380e-01	3.65723185e-02	2.98799276e-02
7.58659422e-01	2.48145498e-02	3.39143761e-02
7.59120464e-01	6.88155880e-03	3.85026708e-02
7.59581566e-01	2.84240930e-03	5.02278805e-02
7.60042608e-01	3.97501141e-02	9.81447175e-02
