q[nm-1]	I(q)[sr-1]_Rocca_10m_eiger2_00012_00_00001_av_ave.h5_00001_[NS12_25C]_trm=0.861327	error
6.67967554e-03	2.35941758e+04	8.28881931e+00
7.14073004e-03	1.88300371e+04	4.79120159e+00
7.60178454e-03	1.46165371e+04	3.59033823e+00
8.06283858e-03	1.15167998e+04	2.86180639e+00
8.52389354e-03	9.24721680e+03	2.36823869e+00
8.98494758e-03	7.49102344e+03	1.99194980e+00
9.44600254e-03	6.10873535e+03	1.69896197e+00
9.90705658e-03	5.07305127e+03	1.47237813e+00
1.03681115e-02	4.26423389e+03	1.28741097e+00
1.08291656e-02	3.59938354e+03	1.13851357e+00
1.12902196e-02	3.04164502e+03	1.00863194e+00
1.17512746e-02	2.59109180e+03	8.97841096e-01
1.22123286e-02	2.22394873e+03	8.05746555e-01
1.26733836e-02	1.92535901e+03	7.27695346e-01
1.31344376e-02	1.66737659e+03	6.58848584e-01
1.35954916e-02	1.45760413e+03	6.00408196e-01
1.40565466e-02	1.27676990e+03	5.47818124e-01
1.45176006e-02	1.12460034e+03	5.01939297e-01
1.49786556e-02	9.96733215e+02	4.61730093e-01
1.54397096e-02	8.89342773e+02	4.27075297e-01
1.59007646e-02	7.93452759e+02	3.95054698e-01
1.63618177e-02	7.09661499e+02	3.66191357e-01
1.68228727e-02	6.35872437e+02	3.40395659e-01
1.72839276e-02	5.72152649e+02	3.17011505e-01
1.77449826e-02	5.16311829e+02	2.95916706e-01
1.82060357e-02	4.66336487e+02	2.72269875e-01
1.86670907e-02	4.24688782e+02	2.48100638e-01
1.91281457e-02	3.87218964e+02	2.29704469e-01
1.95891988e-02	3.52844604e+02	2.14698866e-01
2.00502537e-02	3.23496216e+02	2.03128129e-01
2.05113087e-02	2.94899902e+02	1.91388831e-01
2.09723637e-02	2.70211670e+02	1.80966318e-01
2.14334168e-02	2.48724945e+02	1.71636716e-01
2.18944717e-02	2.29110199e+02	1.62683755e-01
2.23555267e-02	2.12948578e+02	1.55002028e-01
2.28165798e-02	1.97176361e+02	1.47017539e-01
2.32776348e-02	1.83035507e+02	1.40166596e-01
2.37386897e-02	1.69478973e+02	1.33465186e-01
2.41997447e-02	1.57634552e+02	1.27356455e-01
2.46607978e-02	1.47282135e+02	1.21956669e-01
2.51218528e-02	1.37362640e+02	1.16648600e-01
2.55829077e-02	1.28211853e+02	1.11643873e-01
2.60439608e-02	1.19537949e+02	1.06765114e-01
2.65050158e-02	1.11756676e+02	1.02277145e-01
2.69660708e-02	1.05031334e+02	9.83259752e-02
2.74271239e-02	9.86241150e+01	9.44668278e-02
2.78881788e-02	9.23950653e+01	9.05674174e-02
2.83492338e-02	8.73132477e+01	8.73213857e-02
2.88102888e-02	8.26022491e+01	8.42365026e-02
2.92713419e-02	7.81316605e+01	8.13108683e-02
2.97323968e-02	7.37925034e+01	7.84002692e-02
3.01934518e-02	6.97631760e+01	7.55972937e-02
3.06545049e-02	6.62440033e+01	7.35703260e-02
3.11155599e-02	6.31201096e+01	7.27827996e-02
3.15766148e-02	6.04377060e+01	7.16607198e-02
3.20376679e-02	5.77558594e+01	7.02055246e-02
3.24987248e-02	5.53399887e+01	6.88008741e-02
3.29597779e-02	5.32061768e+01	6.75741881e-02
3.34208310e-02	5.09996910e+01	6.60966262e-02
3.38818878e-02	4.91452942e+01	6.47553578e-02
3.43429409e-02	4.74128647e+01	6.35384545e-02
3.48039940e-02	4.57222672e+01	6.23094030e-02
3.52650508e-02	4.46369133e+01	6.15379736e-02
3.57261039e-02	4.34393158e+01	6.05809577e-02
3.61871570e-02	4.23143578e+01	5.96112385e-02
3.66482139e-02	4.16772842e+01	5.90481982e-02
3.71092670e-02	4.06256256e+01	5.81228249e-02
3.75703238e-02	3.99674149e+01	5.75610474e-02
3.80313769e-02	3.93540573e+01	5.70094995e-02
3.84924300e-02	3.91129456e+01	5.67026921e-02
3.89534868e-02	3.89705009e+01	5.64189442e-02
3.94145399e-02	3.89739151e+01	5.62642813e-02
3.98755930e-02	3.92136497e+01	5.62879816e-02
4.03366499e-02	3.93288155e+01	5.62112704e-02
4.07977030e-02	3.98358650e+01	5.64329028e-02
4.12587561e-02	4.05660477e+01	5.67051247e-02
4.17198129e-02	4.13885231e+01	5.70802912e-02
4.21808660e-02	4.24243317e+01	5.76326549e-02
4.26419191e-02	4.34587631e+01	5.81431910e-02
4.31029759e-02	4.48034019e+01	5.88778853e-02
4.35640290e-02	4.65017319e+01	5.97884730e-02
4.40250821e-02	4.84278450e+01	6.08460382e-02
4.44861390e-02	5.01561203e+01	6.17084615e-02
4.49471921e-02	5.23408585e+01	6.28376752e-02
4.54082489e-02	5.45810623e+01	6.39419481e-02
4.58693020e-02	5.67165451e+01	6.49671778e-02
4.63303551e-02	5.91639938e+01	6.61686957e-02
4.67914119e-02	6.14905586e+01	6.72249198e-02
4.72524650e-02	6.37791138e+01	6.82471618e-02
4.77135181e-02	6.63063202e+01	6.93336502e-02
4.81745750e-02	6.86854858e+01	7.02955872e-02
4.86356281e-02	7.07809296e+01	6.98582828e-02
4.90966812e-02	7.28033142e+01	6.94089681e-02
4.95577380e-02	7.47960205e+01	6.93312809e-02
5.00187911e-02	7.65863419e+01	6.93487525e-02
5.04798442e-02	7.78422852e+01	7.02823624e-02
5.09409010e-02	7.86669693e+01	7.12289959e-02
5.14019541e-02	7.92135696e+01	7.15362802e-02
5.18630110e-02	7.97890244e+01	7.18002170e-02
5.23240641e-02	7.97564926e+01	7.17155933e-02
5.27851172e-02	7.95601730e+01	7.15508088e-02
5.32461740e-02	7.90640869e+01	7.11947009e-02
5.37072271e-02	7.80350800e+01	7.05403909e-02
5.41682802e-02	7.68281860e+01	6.98904023e-02
5.46293370e-02	7.54252777e+01	6.91014677e-02
5.50903901e-02	7.35098953e+01	6.80097789e-02
5.55514432e-02	7.15096130e+01	6.69041872e-02
5.60125001e-02	6.95475464e+01	6.48631081e-02
5.64735532e-02	6.71516724e+01	6.23801127e-02
5.69346063e-02	6.48705902e+01	6.05519898e-02
5.73956631e-02	6.19695244e+01	5.85189462e-02
5.78567162e-02	5.94581985e+01	5.67994043e-02
5.83177693e-02	5.67344055e+01	5.49605489e-02
5.87788261e-02	5.40300789e+01	5.32407574e-02
5.92398793e-02	5.12776375e+01	5.14348075e-02
5.97009361e-02	4.85897255e+01	4.96270135e-02
6.01619892e-02	4.58131332e+01	4.77687493e-02
6.06230423e-02	4.32438240e+01	4.60484251e-02
6.10840991e-02	4.06167374e+01	4.42698672e-02
6.15451522e-02	3.81965714e+01	4.26276550e-02
6.20062053e-02	3.58654594e+01	4.10017595e-02
6.24672621e-02	3.37049332e+01	3.94765027e-02
6.29283190e-02	3.15673618e+01	3.79155651e-02
6.33893684e-02	2.96214085e+01	3.65104228e-02
6.38504252e-02	2.77419319e+01	3.51080410e-02
6.43114820e-02	2.60153103e+01	3.38345170e-02
6.47725314e-02	2.43557892e+01	3.25770862e-02
6.52335882e-02	2.28900070e+01	3.14490609e-02
6.56946450e-02	2.15310993e+01	3.03794798e-02
6.61556944e-02	2.01387825e+01	2.92088930e-02
6.66167513e-02	1.89111290e+01	2.81896386e-02
6.70778081e-02	1.78092403e+01	2.72403210e-02
6.75388575e-02	1.68565826e+01	2.63975449e-02
6.79999143e-02	1.58694429e+01	2.54971720e-02
6.84609711e-02	1.49225178e+01	2.46017836e-02
6.89220205e-02	1.40971527e+01	2.38287486e-02
6.93830773e-02	1.33173952e+01	2.30737459e-02
6.98441342e-02	1.26149130e+01	2.23637410e-02
7.03051835e-02	1.19623833e+01	2.17226278e-02
7.07662404e-02	1.13722973e+01	2.11361013e-02
7.12272972e-02	1.08397770e+01	2.05779057e-02
7.16883466e-02	1.03325319e+01	2.00291909e-02
7.21494034e-02	9.83821678e+00	1.94988437e-02
7.26104602e-02	9.39569664e+00	1.90126915e-02
7.30715096e-02	8.98117828e+00	1.85481794e-02
7.35325664e-02	8.59548759e+00	1.81144644e-02
7.39936233e-02	8.20930195e+00	1.76372044e-02
7.44546726e-02	7.88477182e+00	1.72401927e-02
7.49157295e-02	7.57939625e+00	1.68442093e-02
7.53767863e-02	7.30802822e+00	1.64840762e-02
7.58378357e-02	7.04630280e+00	1.61424018e-02
7.62988925e-02	6.80049753e+00	1.58055555e-02
7.67599493e-02	6.57474279e+00	1.54881924e-02
7.72210062e-02	6.38674831e+00	1.52308345e-02
7.76820555e-02	6.16993093e+00	1.49240028e-02
7.81431124e-02	5.93028164e+00	1.45715969e-02
7.86041692e-02	5.75537825e+00	1.43262390e-02
7.90652186e-02	5.55906534e+00	1.40392082e-02
7.95262754e-02	5.41793156e+00	1.38277812e-02
7.99873322e-02	5.27523375e+00	1.36015117e-02
8.04483816e-02	5.13241434e+00	1.33702876e-02
8.09094384e-02	5.00855303e+00	1.31811649e-02
8.13704953e-02	4.85448122e+00	1.29329087e-02
8.18315446e-02	4.75842333e+00	1.27719548e-02
8.22926015e-02	4.64558840e+00	1.25820115e-02
8.27536583e-02	4.53540945e+00	1.24039138e-02
8.32147077e-02	4.44815731e+00	1.22548398e-02
8.36757645e-02	4.33778381e+00	1.20630935e-02
8.41368213e-02	4.24133778e+00	1.18954275e-02
8.45978707e-02	4.16811275e+00	1.17610712e-02
8.50589275e-02	4.07700634e+00	1.16014034e-02
8.55199844e-02	4.01515675e+00	1.14878807e-02
8.59810337e-02	3.94680643e+00	1.13595594e-02
8.64420906e-02	3.86271739e+00	1.12023298e-02
8.69031474e-02	3.81486130e+00	1.11127580e-02
8.73641968e-02	3.74198651e+00	1.09718814e-02
8.78252536e-02	3.69363523e+00	1.08713917e-02
8.82863104e-02	3.63606572e+00	1.07583972e-02
8.87473598e-02	3.59489751e+00	1.06784729e-02
8.92084166e-02	3.53249025e+00	1.05487434e-02
8.96694735e-02	3.49583626e+00	1.04805212e-02
9.01305228e-02	3.44397211e+00	1.03721935e-02
9.05915797e-02	3.38208127e+00	1.02416789e-02
9.10526365e-02	3.36798286e+00	1.02069946e-02
9.15136859e-02	3.32899165e+00	1.01249516e-02
9.19747427e-02	3.27540350e+00	1.00147892e-02
9.24357995e-02	3.23247480e+00	9.91910603e-03
9.28968564e-02	3.22926521e+00	9.90544725e-03
9.33579057e-02	3.17556763e+00	9.77885071e-03
9.38189626e-02	3.16321254e+00	9.75488592e-03
9.42800194e-02	3.12149549e+00	9.65996273e-03
9.47410688e-02	3.10551476e+00	9.61418636e-03
9.52021256e-02	3.07685137e+00	9.55259614e-03
9.56631824e-02	3.06743288e+00	9.51871928e-03
9.61242318e-02	3.03273010e+00	9.43512190e-03
9.65852886e-02	3.01864195e+00	9.39725898e-03
9.70463455e-02	2.99956083e+00	9.34803672e-03
9.75073949e-02	2.97037458e+00	9.27639566e-03
9.79684517e-02	2.95246434e+00	9.22640506e-03
9.84295085e-02	2.93695760e+00	9.17780586e-03
9.88905579e-02	2.91901588e+00	9.13611054e-03
9.93516147e-02	2.89049363e+00	9.07203276e-03
9.98126715e-02	2.84898782e+00	8.97660479e-03
1.00273721e-01	2.82762671e+00	8.93006474e-03
1.00734778e-01	2.81296349e+00	8.88568908e-03
1.01195835e-01	2.79570889e+00	8.83674156e-03
1.01656884e-01	2.77187943e+00	8.78115743e-03
1.02117941e-01	2.73400569e+00	8.70431308e-03
1.02578998e-01	2.68935752e+00	8.61363672e-03
1.03040047e-01	2.67274189e+00	8.58059339e-03
1.03501104e-01	2.64342976e+00	8.51137377e-03
1.03962161e-01	2.62729788e+00	8.46513547e-03
1.04423210e-01	2.59431028e+00	8.39753728e-03
1.04884267e-01	2.55253458e+00	8.31058621e-03
1.05345324e-01	2.55238366e+00	8.29789881e-03
1.05806373e-01	2.51538467e+00	8.21502414e-03
1.06267430e-01	2.48202562e+00	8.14406294e-03
1.06728487e-01	2.46700263e+00	8.10727477e-03
1.07189544e-01	2.43843222e+00	8.04286264e-03
1.07650593e-01	2.40077066e+00	7.96435494e-03
1.08111650e-01	2.36947083e+00	7.89966062e-03
1.08572707e-01	2.35026240e+00	7.85487797e-03
1.09033756e-01	2.31927729e+00	7.78938318e-03
1.09494813e-01	2.29388905e+00	7.73299113e-03
1.09955870e-01	2.25277376e+00	7.64719909e-03
1.10416919e-01	2.21906281e+00	7.57784769e-03
1.10877976e-01	2.20746851e+00	7.53908698e-03
1.11339033e-01	2.18254995e+00	7.48073449e-03
1.11800082e-01	2.15406799e+00	7.41847511e-03
1.12261139e-01	2.14246702e+00	7.38868397e-03
1.12722196e-01	2.11382890e+00	7.32020056e-03
1.13183245e-01	2.08575130e+00	7.26310769e-03
1.13644302e-01	2.04165196e+00	7.17136124e-03
1.14105359e-01	2.03025723e+00	7.14146858e-03
1.14566408e-01	2.00574422e+00	7.07992679e-03
1.15027465e-01	1.99219537e+00	7.04773422e-03
1.15488522e-01	1.97495389e+00	7.00390944e-03
1.15949571e-01	1.95285070e+00	6.94929808e-03
1.16410628e-01	1.93005276e+00	6.89178240e-03
1.16871685e-01	1.92675138e+00	6.87557226e-03
1.17332734e-01	1.89403951e+00	6.80522714e-03
1.17793791e-01	1.86874747e+00	6.75339159e-03
1.18254848e-01	1.85259759e+00	6.70758868e-03
1.18715897e-01	1.82495725e+00	6.64901268e-03
1.19176954e-01	1.80021346e+00	6.59870263e-03
1.19638011e-01	1.78645253e+00	6.55754050e-03
1.20099060e-01	1.77519643e+00	6.52914215e-03
1.20560117e-01	1.75692046e+00	6.48293924e-03
1.21021174e-01	1.74376130e+00	6.44299993e-03
1.21482231e-01	1.73333740e+00	6.41764468e-03
1.21943280e-01	1.71099699e+00	6.36567920e-03
1.22404337e-01	1.68988991e+00	6.31648814e-03
1.22865394e-01	1.67458570e+00	6.27880450e-03
1.23326443e-01	1.67095065e+00	6.26537483e-03
1.23787500e-01	1.65146065e+00	6.21683896e-03
1.24248557e-01	1.64006174e+00	6.18200470e-03
1.24709606e-01	1.63798451e+00	6.16844278e-03
1.25170663e-01	1.61329973e+00	6.10647537e-03
1.25631720e-01	1.60969794e+00	6.09763712e-03
1.26092777e-01	1.58881533e+00	6.03935448e-03
1.26553819e-01	1.59129286e+00	6.03756541e-03
1.27014875e-01	1.58008134e+00	6.00658963e-03
1.27475932e-01	1.55789208e+00	5.95177431e-03
1.27936989e-01	1.54772425e+00	5.92969870e-03
1.28398046e-01	1.54440618e+00	5.91336936e-03
1.28859103e-01	1.53770828e+00	5.88868372e-03
1.29320160e-01	1.51114368e+00	5.82682295e-03
1.29781201e-01	1.50681651e+00	5.80972526e-03
1.30242258e-01	1.50091529e+00	5.78450039e-03
1.30703315e-01	1.49372506e+00	5.76510839e-03
1.31164372e-01	1.48009813e+00	5.73080778e-03
1.31625429e-01	1.46798420e+00	5.69680706e-03
1.32086486e-01	1.46807373e+00	5.68909943e-03
1.32547528e-01	1.45258737e+00	5.65303816e-03
1.33008584e-01	1.43812370e+00	5.61430212e-03
1.33469641e-01	1.43274665e+00	5.59393363e-03
1.33930698e-01	1.42482126e+00	5.57040423e-03
1.34391755e-01	1.42280161e+00	5.56394411e-03
1.34852812e-01	1.40331876e+00	5.51040564e-03
1.35313854e-01	1.39956617e+00	5.49300015e-03
1.35774910e-01	1.39110970e+00	5.47164306e-03
1.36235967e-01	1.38046324e+00	5.44394646e-03
1.36697024e-01	1.37606752e+00	5.42899827e-03
1.37158081e-01	1.37101555e+00	5.40577713e-03
1.37619138e-01	1.36446071e+00	5.38222119e-03
1.38080180e-01	1.36022115e+00	5.37005439e-03
1.38541237e-01	1.35795915e+00	5.36393747e-03
1.39002293e-01	1.35290718e+00	5.34178410e-03
1.39463350e-01	1.34046197e+00	5.30526834e-03
1.39924407e-01	1.32987857e+00	5.28084859e-03
1.40385464e-01	1.33117509e+00	5.27976919e-03
1.40846506e-01	1.31677687e+00	5.24034817e-03
1.41307563e-01	1.31547034e+00	5.23109036e-03
1.41768619e-01	1.31247663e+00	5.21502364e-03
1.42229676e-01	1.30722141e+00	5.20302821e-03
1.42690733e-01	1.28569758e+00	5.15027763e-03
1.43151790e-01	1.28333020e+00	5.14222030e-03
1.43612847e-01	1.28344274e+00	5.13427937e-03
1.44073889e-01	1.28750670e+00	5.13113523e-03
1.44534945e-01	1.28108907e+00	5.10797603e-03
1.44996002e-01	1.27578914e+00	5.09618269e-03
1.45457059e-01	1.25941706e+00	5.05406456e-03
1.45918116e-01	1.26206636e+00	5.05558448e-03
1.46379173e-01	1.25050044e+00	5.02707530e-03
1.46840215e-01	1.24376798e+00	5.01025654e-03
1.47301272e-01	1.24154222e+00	4.99772793e-03
1.47762328e-01	1.23197436e+00	4.97248163e-03
1.48223385e-01	1.22363734e+00	4.95038601e-03
1.48684442e-01	1.22739732e+00	4.95144678e-03
1.49145499e-01	1.22947443e+00	4.94564883e-03
1.49606541e-01	1.22732091e+00	4.93712164e-03
1.50067598e-01	1.21770668e+00	4.91355313e-03
1.50528654e-01	1.21060181e+00	4.89361491e-03
1.50989711e-01	1.20504034e+00	4.87701315e-03
1.51450768e-01	1.19951177e+00	4.86090267e-03
1.51911825e-01	1.18868911e+00	4.83270222e-03
1.52372867e-01	1.18580544e+00	4.82074963e-03
1.52833924e-01	1.18197286e+00	4.80853440e-03
1.53294981e-01	1.17339456e+00	4.78650024e-03
1.53756037e-01	1.17692780e+00	4.78477404e-03
1.54217094e-01	1.18019056e+00	4.78571700e-03
1.54678151e-01	1.16609097e+00	4.75270255e-03
1.55139193e-01	1.16870773e+00	4.75449208e-03
1.55600250e-01	1.16572034e+00	4.73812269e-03
1.56061307e-01	1.16198826e+00	4.72765230e-03
1.56522363e-01	1.15611029e+00	4.71190084e-03
1.56983420e-01	1.15037823e+00	4.69699502e-03
1.57444477e-01	1.13391948e+00	4.65613417e-03
1.57905519e-01	1.13176978e+00	4.64942912e-03
1.58366576e-01	1.12724900e+00	4.63688141e-03
1.58827633e-01	1.12817407e+00	4.63157985e-03
1.59288689e-01	1.13045478e+00	4.62823594e-03
1.59749746e-01	1.12690854e+00	4.61662607e-03
1.60210803e-01	1.11781788e+00	4.59628971e-03
1.60671860e-01	1.11201131e+00	4.58184956e-03
1.61132902e-01	1.10792351e+00	4.56770603e-03
1.61593959e-01	1.09971118e+00	4.54403413e-03
1.62055016e-01	1.10547614e+00	4.54988424e-03
1.62516072e-01	1.09758830e+00	4.52566985e-03
1.62977129e-01	1.09333742e+00	4.51428164e-03
1.63438186e-01	1.08703768e+00	4.49415203e-03
1.63899228e-01	1.08586550e+00	4.48644254e-03
1.64360285e-01	1.08721411e+00	4.48618922e-03
1.64821342e-01	1.07513893e+00	4.45661927e-03
1.65282398e-01	1.07023358e+00	4.44005011e-03
1.65743455e-01	1.07956874e+00	4.45481483e-03
1.66204512e-01	1.06230259e+00	4.41451557e-03
1.66665554e-01	1.05667794e+00	4.39954968e-03
1.67126611e-01	1.05644846e+00	4.39316686e-03
1.67587668e-01	1.05578053e+00	4.38571069e-03
1.68048725e-01	1.05351424e+00	4.37523099e-03
1.68509781e-01	1.05117309e+00	4.36543161e-03
1.68970838e-01	1.04833031e+00	4.35270974e-03
1.69431880e-01	1.04053235e+00	4.33086138e-03
1.69892937e-01	1.04782414e+00	4.34236135e-03
1.70353994e-01	1.04390013e+00	4.32666298e-03
1.70815051e-01	1.03780401e+00	4.31242445e-03
1.71276107e-01	1.02993464e+00	4.29005455e-03
1.71737164e-01	1.02923989e+00	4.28327452e-03
1.72198206e-01	1.02414501e+00	4.26877243e-03
1.72659263e-01	1.01066017e+00	4.23585530e-03
1.73120320e-01	1.01246572e+00	4.23845369e-03
1.73581377e-01	1.00764370e+00	4.21624631e-03
1.74042434e-01	1.01448560e+00	4.22476744e-03
1.74503490e-01	1.00310385e+00	4.19538002e-03
1.74964547e-01	9.99194324e-01	4.18485282e-03
1.75425589e-01	9.91741002e-01	4.16125637e-03
1.75886646e-01	9.92860496e-01	4.15999908e-03
1.76347703e-01	9.90424454e-01	4.14857920e-03
1.76808760e-01	9.85628605e-01	4.13323240e-03
1.77269816e-01	9.81750190e-01	4.11766768e-03
1.77730873e-01	9.85765278e-01	4.12295666e-03
1.78191915e-01	9.78844166e-01	4.10375791e-03
1.78652972e-01	9.74783599e-01	4.08911658e-03
1.79114029e-01	9.74292397e-01	4.08694427e-03
1.79575086e-01	9.66632009e-01	4.06846963e-03
1.80036142e-01	9.57263768e-01	4.04184591e-03
1.80497199e-01	9.61172581e-01	4.04581334e-03
1.80958241e-01	9.51121807e-01	4.01907321e-03
1.81419298e-01	9.59899247e-01	4.03203396e-03
1.81880355e-01	9.55933392e-01	4.01501916e-03
1.82341412e-01	9.47410941e-01	4.00071358e-03
1.82802469e-01	9.40105736e-01	3.97732574e-03
1.83263525e-01	9.40062702e-01	3.97313153e-03
1.83724567e-01	9.35434937e-01	3.95982387e-03
1.84185624e-01	9.34861660e-01	3.95551464e-03
1.84646681e-01	9.33271110e-01	3.94981354e-03
1.85107738e-01	9.23625112e-01	3.92268132e-03
1.85568795e-01	9.22920704e-01	3.91885545e-03
1.86029851e-01	9.17591691e-01	3.90134193e-03
1.86490893e-01	9.16285634e-01	3.89434537e-03
1.86951950e-01	9.11222637e-01	3.88097716e-03
1.87413007e-01	9.11367238e-01	3.87667376e-03
1.87874064e-01	9.08326268e-01	3.86404875e-03
1.88335121e-01	9.08276558e-01	3.85771366e-03
1.88796178e-01	9.05904174e-01	3.85065679e-03
1.89257234e-01	8.95251572e-01	3.82316252e-03
1.89718276e-01	8.97744000e-01	3.82260862e-03
1.90179333e-01	8.93717885e-01	3.81049281e-03
1.90640390e-01	8.90518546e-01	3.80207272e-03
1.91101447e-01	8.86603475e-01	3.78869148e-03
1.91562504e-01	8.85262012e-01	3.78203881e-03
1.92023560e-01	8.81623089e-01	3.76891019e-03
1.92484602e-01	8.75110805e-01	3.75180808e-03
1.92945659e-01	8.74181390e-01	3.74881621e-03
1.93406716e-01	8.74830842e-01	3.74560314e-03
1.93867773e-01	8.68984103e-01	3.72740999e-03
1.94328830e-01	8.67946625e-01	3.72176501e-03
1.94789886e-01	8.68091285e-01	3.71964276e-03
1.95250928e-01	8.64241719e-01	3.70615674e-03
1.95711985e-01	8.63172889e-01	3.70013295e-03
1.96173042e-01	8.55951667e-01	3.68344155e-03
1.96634099e-01	8.49338889e-01	3.66590172e-03
1.97095156e-01	8.50919545e-01	3.66841024e-03
1.97556213e-01	8.45475674e-01	3.65268695e-03
1.98017254e-01	8.42587471e-01	3.64125217e-03
1.98478311e-01	8.45492244e-01	3.64680169e-03
1.98939368e-01	8.43220830e-01	3.63488263e-03
1.99400425e-01	8.38953316e-01	3.62374075e-03
1.99861482e-01	8.34471881e-01	3.61412694e-03
2.00322539e-01	8.26590061e-01	3.59211932e-03
2.00783581e-01	8.21696460e-01	3.57622979e-03
2.01244637e-01	8.25942338e-01	3.58509202e-03
2.01705694e-01	8.20020080e-01	3.56893055e-03
2.02166751e-01	8.16355228e-01	3.55868042e-03
2.02627808e-01	8.11375499e-01	3.54701537e-03
2.03088865e-01	8.10026824e-01	3.54241650e-03
2.03549922e-01	8.08931649e-01	3.53614497e-03
2.04010963e-01	8.07117164e-01	3.52740427e-03
2.04472020e-01	8.06050122e-01	3.52120167e-03
2.04933077e-01	8.03147912e-01	3.51181207e-03
2.05394134e-01	8.00522208e-01	3.50399432e-03
2.05855191e-01	7.93793797e-01	3.48710571e-03
2.06316248e-01	7.94828057e-01	3.48723261e-03
2.06777290e-01	7.95919776e-01	3.48679046e-03
2.07238346e-01	7.89893329e-01	3.49443546e-03
2.07699403e-01	7.82526135e-01	3.50154634e-03
2.08160460e-01	7.84401774e-01	3.51808034e-03
2.08621517e-01	7.79890835e-01	3.52201564e-03
2.09082574e-01	7.75962949e-01	3.52004776e-03
2.09543616e-01	7.73732543e-01	3.52414255e-03
2.10004672e-01	7.72924781e-01	3.52901733e-03
2.10465729e-01	7.73120761e-01	3.53397499e-03
2.10926786e-01	7.69266367e-01	3.53112118e-03
2.11387843e-01	7.66405523e-01	3.52933584e-03
2.11848900e-01	7.63154507e-01	3.52578098e-03
2.12309942e-01	7.63724685e-01	3.53077007e-03
2.12770998e-01	7.56922305e-01	3.52087803e-03
2.13232055e-01	7.56883502e-01	3.52217630e-03
2.13693112e-01	7.56840169e-01	3.51803144e-03
2.14154169e-01	7.52118945e-01	3.51013476e-03
2.14615226e-01	7.50691235e-01	3.50684253e-03
2.15076268e-01	7.51431584e-01	3.51220183e-03
2.15537325e-01	7.46252120e-01	3.50317103e-03
2.15998381e-01	7.42594838e-01	3.49377701e-03
2.16459438e-01	7.39123762e-01	3.49252997e-03
2.16920495e-01	7.29250073e-01	3.47245601e-03
2.17381552e-01	7.31062293e-01	3.47762671e-03
2.17842609e-01	7.24890351e-01	3.46719590e-03
2.18303651e-01	7.23514020e-01	3.46831977e-03
2.18764707e-01	7.17734814e-01	3.45421070e-03
2.19225764e-01	7.18609214e-01	3.45909339e-03
2.19686821e-01	7.15571463e-01	3.45122698e-03
2.20147878e-01	7.18479037e-01	3.45949829e-03
2.20608935e-01	7.17201889e-01	3.45604564e-03
2.21069977e-01	7.11889148e-01	3.45057738e-03
2.21531034e-01	7.07637310e-01	3.44201550e-03
2.21992090e-01	7.04622388e-01	3.43444874e-03
2.22453147e-01	6.97720349e-01	3.42239882e-03
2.22914204e-01	6.97694898e-01	3.42192687e-03
2.23375261e-01	6.97063267e-01	3.42268986e-03
2.23836303e-01	6.90135598e-01	3.41016380e-03
2.24297360e-01	6.91683352e-01	3.41185252e-03
2.24758416e-01	6.91935182e-01	3.40026058e-03
2.25219473e-01	6.87707484e-01	3.36427614e-03
2.25680530e-01	6.87495589e-01	3.34789464e-03
2.26141587e-01	6.83622897e-01	3.32607259e-03
2.26602629e-01	6.79766655e-01	3.30789457e-03
2.27063686e-01	6.76195264e-01	3.29168397e-03
2.27524742e-01	6.76718593e-01	3.28620407e-03
2.27985799e-01	6.77136660e-01	3.27887083e-03
2.28446856e-01	6.72925353e-01	3.26296175e-03
2.28907913e-01	6.66365504e-01	3.24215041e-03
2.29368955e-01	6.60693526e-01	3.22316447e-03
2.29830012e-01	6.60343111e-01	3.21891718e-03
2.30291069e-01	6.59196198e-01	3.20791779e-03
2.30752125e-01	6.59300268e-01	3.20452778e-03
2.31213182e-01	6.54937387e-01	3.19383177e-03
2.31674239e-01	6.52783930e-01	3.18610738e-03
2.32135296e-01	6.47854865e-01	3.17299971e-03
2.32596338e-01	6.45516992e-01	3.16045247e-03
2.33057395e-01	6.44998431e-01	3.15492158e-03
2.33518451e-01	6.40344262e-01	3.14322161e-03
2.33979508e-01	6.36973858e-01	3.12930578e-03
2.34440565e-01	6.35148466e-01	3.12180654e-03
2.34901622e-01	6.30571485e-01	3.10547673e-03
2.35362664e-01	6.32131755e-01	3.10591026e-03
2.35823721e-01	6.31196618e-01	3.10211326e-03
2.36284778e-01	6.24880731e-01	3.08223022e-03
2.36745834e-01	6.18921280e-01	3.06349760e-03
2.37206891e-01	6.19165540e-01	3.06390156e-03
2.37667948e-01	6.14438176e-01	3.05068190e-03
2.38128990e-01	6.13549173e-01	3.04281153e-03
2.38590047e-01	6.15163207e-01	3.04119266e-03
2.39051104e-01	6.08372450e-01	3.02293082e-03
2.39512160e-01	6.09379470e-01	3.02459253e-03
2.39973217e-01	6.01966500e-01	3.00100213e-03
2.40434274e-01	5.99566758e-01	2.99658021e-03
2.40895316e-01	5.96704245e-01	2.98494915e-03
2.41356373e-01	5.98310649e-01	2.98641692e-03
2.41817430e-01	5.90678513e-01	2.96667591e-03
2.42278486e-01	5.87513208e-01	2.95621809e-03
2.42739543e-01	5.85507989e-01	2.94880848e-03
2.43200600e-01	5.83538532e-01	2.94105848e-03
2.43661642e-01	5.80504537e-01	2.93111568e-03
2.44122699e-01	5.83336234e-01	2.93473387e-03
2.44583756e-01	5.78828931e-01	2.92132399e-03
2.45044813e-01	5.74622691e-01	2.91024661e-03
2.45505869e-01	5.75176358e-01	2.90877302e-03
2.45966926e-01	5.68424463e-01	2.88987393e-03
2.46427983e-01	5.69026589e-01	2.89103575e-03
2.46889025e-01	5.62333345e-01	2.87226820e-03
2.47350082e-01	5.59165835e-01	2.86405603e-03
2.47811139e-01	5.58914959e-01	2.86016846e-03
2.48272195e-01	5.58361888e-01	2.85489112e-03
2.48733252e-01	5.53643584e-01	2.84253852e-03
2.49194309e-01	5.52266002e-01	2.83700204e-03
2.49655351e-01	5.53459883e-01	2.83597363e-03
2.50116408e-01	5.48097432e-01	2.82040378e-03
2.50577480e-01	5.44814765e-01	2.81355320e-03
2.51038522e-01	5.43534398e-01	2.80771172e-03
2.51499563e-01	5.40421903e-01	2.79867603e-03
2.51960635e-01	5.35382628e-01	2.78438907e-03
2.52421677e-01	5.36750913e-01	2.78318045e-03
2.52882749e-01	5.33048153e-01	2.77390610e-03
2.53343791e-01	5.28705478e-01	2.76480196e-03
2.53804833e-01	5.27621150e-01	2.75595742e-03
2.54265904e-01	5.26773095e-01	2.75275460e-03
2.54726946e-01	5.25108576e-01	2.74500856e-03
2.55188018e-01	5.23984373e-01	2.74040969e-03
2.55649060e-01	5.18155217e-01	2.72694929e-03
2.56110132e-01	5.20961642e-01	2.73120799e-03
2.56571174e-01	5.17634928e-01	2.72041140e-03
2.57032216e-01	5.10885239e-01	2.70319683e-03
2.57493287e-01	5.08388579e-01	2.69891671e-03
2.57954329e-01	5.05494475e-01	2.69096904e-03
2.58415401e-01	5.00605762e-01	2.67619709e-03
2.58876443e-01	5.03747821e-01	2.68148957e-03
2.59337485e-01	5.00200629e-01	2.66852160e-03
2.59798557e-01	5.02885997e-01	2.67296680e-03
2.60259598e-01	5.00644982e-01	2.66692368e-03
2.60720670e-01	4.95611519e-01	2.65441253e-03
2.61181712e-01	4.95403707e-01	2.65342533e-03
2.61642784e-01	4.92159188e-01	2.64404691e-03
2.62103826e-01	4.91797745e-01	2.63932184e-03
2.62564868e-01	4.89521801e-01	2.63128383e-03
2.63025939e-01	4.84242201e-01	2.61958316e-03
2.63486981e-01	4.81291711e-01	2.61142734e-03
2.63948053e-01	4.83117431e-01	2.61268253e-03
2.64409095e-01	4.80644941e-01	2.60697654e-03
2.64870167e-01	4.76312160e-01	2.59590661e-03
2.65331209e-01	4.72721875e-01	2.58463225e-03
2.65792251e-01	4.74312782e-01	2.58811726e-03
2.66253322e-01	4.74139065e-01	2.58486858e-03
2.66714364e-01	4.70220894e-01	2.57598283e-03
2.67175436e-01	4.65030253e-01	2.56379275e-03
2.67636478e-01	4.63409096e-01	2.55573215e-03
2.68097520e-01	4.69067812e-01	2.56848685e-03
2.68558592e-01	4.64196771e-01	2.55352166e-03
2.69019634e-01	4.59383160e-01	2.54378514e-03
2.69480705e-01	4.53582525e-01	2.52913823e-03
2.69941747e-01	4.55283940e-01	2.53119739e-03
2.70402819e-01	4.52612787e-01	2.52356264e-03
2.70863861e-01	4.51934874e-01	2.52134260e-03
2.71324903e-01	4.52162266e-01	2.52117566e-03
2.71785975e-01	4.46735919e-01	2.50557461e-03
2.72247016e-01	4.46712434e-01	2.50586914e-03
2.72708088e-01	4.46221054e-01	2.50242138e-03
2.73169130e-01	4.45207417e-01	2.49751401e-03
2.73630172e-01	4.41761166e-01	2.49040499e-03
2.74091244e-01	4.37511772e-01	2.48025381e-03
2.74552286e-01	4.34909344e-01	2.47395737e-03
2.75013357e-01	4.31871563e-01	2.46565347e-03
2.75474399e-01	4.28468883e-01	2.45558540e-03
2.75935471e-01	4.29719299e-01	2.45660963e-03
2.76396513e-01	4.30924833e-01	2.45979358e-03
2.76857555e-01	4.24273580e-01	2.44410802e-03
2.77318627e-01	4.21754599e-01	2.43641995e-03
2.77779669e-01	4.22316849e-01	2.43674638e-03
2.78240740e-01	4.20633465e-01	2.42999988e-03
2.78701782e-01	4.15831000e-01	2.41784751e-03
2.79162854e-01	4.14186895e-01	2.41431408e-03
2.79623896e-01	4.17926550e-01	2.42129993e-03
2.80084938e-01	4.12516296e-01	2.40683253e-03
2.80546010e-01	4.10641968e-01	2.40249978e-03
2.81007051e-01	4.09518182e-01	2.39815470e-03
2.81468123e-01	4.07644331e-01	2.39348761e-03
2.81929165e-01	4.05414104e-01	2.38681701e-03
2.82390207e-01	4.05686289e-01	2.38578347e-03
2.82851279e-01	4.04676378e-01	2.38335389e-03
2.83312321e-01	3.99448663e-01	2.36996775e-03
2.83773392e-01	3.97420108e-01	2.36294582e-03
2.84234434e-01	3.97484004e-01	2.36328598e-03
2.84695506e-01	3.96243542e-01	2.35938700e-03
2.85156548e-01	3.96777600e-01	2.35752459e-03
2.85617590e-01	3.95551652e-01	2.35354621e-03
2.86078662e-01	3.92098635e-01	2.34570284e-03
2.86539704e-01	3.92614335e-01	2.35844799e-03
2.87000775e-01	3.88969421e-01	2.36176234e-03
2.87461817e-01	3.85739028e-01	2.36325548e-03
2.87922859e-01	3.83343011e-01	2.36120122e-03
2.88383931e-01	3.84368002e-01	2.36945739e-03
2.88844973e-01	3.82881254e-01	2.36949651e-03
2.89306045e-01	3.81149441e-01	2.36836798e-03
2.89767087e-01	3.78501356e-01	2.36620754e-03
2.90228158e-01	3.75531554e-01	2.36173300e-03
2.90689200e-01	3.73662829e-01	2.35881982e-03
2.91150242e-01	3.74665678e-01	2.36080447e-03
2.91611314e-01	3.73507053e-01	2.35875603e-03
2.92072356e-01	3.72218251e-01	2.36000051e-03
2.92533427e-01	3.68406147e-01	2.35158578e-03
2.92994469e-01	3.67324769e-01	2.35005235e-03
2.93455541e-01	3.67585927e-01	2.35471479e-03
2.93916583e-01	3.60914677e-01	2.33848393e-03
2.94377625e-01	3.63222688e-01	2.34424812e-03
2.94838697e-01	3.60911101e-01	2.33941758e-03
2.95299739e-01	3.59356761e-01	2.33629672e-03
2.95760810e-01	3.61115545e-01	2.34249746e-03
2.96221852e-01	3.56124282e-01	2.33085244e-03
2.96682894e-01	3.57189089e-01	2.33554514e-03
2.97143966e-01	3.53193313e-01	2.32652761e-03
2.97605008e-01	3.54502976e-01	2.33147270e-03
2.98066080e-01	3.52937996e-01	2.32802052e-03
2.98527122e-01	3.49177539e-01	2.31854245e-03
2.98988193e-01	3.51096511e-01	2.32394203e-03
2.99449235e-01	3.50378394e-01	2.32424471e-03
2.99910277e-01	3.48892510e-01	2.32216599e-03
3.00371349e-01	3.43071789e-01	2.30791466e-03
3.00832391e-01	3.42256188e-01	2.30897521e-03
3.01293463e-01	3.41420263e-01	2.30531069e-03
3.01754504e-01	3.42351526e-01	2.30777892e-03
3.02215546e-01	3.40713680e-01	2.30471184e-03
3.02676618e-01	3.35358202e-01	2.29219231e-03
3.03137660e-01	3.34981859e-01	2.29415554e-03
3.03598732e-01	3.37403268e-01	2.29831692e-03
3.04059774e-01	3.36322933e-01	2.28257361e-03
3.04520845e-01	3.34062815e-01	2.26243259e-03
3.04981887e-01	3.32085788e-01	2.24730349e-03
3.05442929e-01	3.31472456e-01	2.23769480e-03
3.05904001e-01	3.33459079e-01	2.23898143e-03
3.06365043e-01	3.29920262e-01	2.22481648e-03
3.06826115e-01	3.26160431e-01	2.21151882e-03
3.07287157e-01	3.23852181e-01	2.20325356e-03
3.07748228e-01	3.24625582e-01	2.20038556e-03
3.08209270e-01	3.24302375e-01	2.19604326e-03
3.08670312e-01	3.21819037e-01	2.18738453e-03
3.09131384e-01	3.21598142e-01	2.18573213e-03
3.09592426e-01	3.18959057e-01	2.17693974e-03
3.10053498e-01	3.17203432e-01	2.16978276e-03
3.10514539e-01	3.14728022e-01	2.16099340e-03
3.10975581e-01	3.11253279e-01	2.14848598e-03
3.11436653e-01	3.12362134e-01	2.14836374e-03
3.11897695e-01	3.12717527e-01	2.14699819e-03
3.12358767e-01	3.08880955e-01	2.13463302e-03
3.12819809e-01	3.09003681e-01	2.13317480e-03
3.13280880e-01	3.09362113e-01	2.12998106e-03
3.13741922e-01	3.11816216e-01	2.13336246e-03
3.14202964e-01	3.09827030e-01	2.12622201e-03
3.14664036e-01	3.05643857e-01	2.11539329e-03
3.15125078e-01	3.03782403e-01	2.10886961e-03
3.15586150e-01	3.02608550e-01	2.10273638e-03
3.16047192e-01	3.00726086e-01	2.09672982e-03
3.16508234e-01	2.99141169e-01	2.09144270e-03
3.16969305e-01	2.98882544e-01	2.08798540e-03
3.17430347e-01	2.99164236e-01	2.08622613e-03
3.17891419e-01	2.96896040e-01	2.07791850e-03
3.18352461e-01	2.95332372e-01	2.07286188e-03
3.18813533e-01	2.96810418e-01	2.07524793e-03
3.19274575e-01	2.94244498e-01	2.06634891e-03
3.19735616e-01	2.91353971e-01	2.05898168e-03
3.20196688e-01	2.89278001e-01	2.05279468e-03
3.20657730e-01	2.90212095e-01	2.05327151e-03
3.21118802e-01	2.89209634e-01	2.04820582e-03
3.21579844e-01	2.88317353e-01	2.04363046e-03
3.22040915e-01	2.87025183e-01	2.03897455e-03
3.22501957e-01	2.86121279e-01	2.03623949e-03
3.22962999e-01	2.84046143e-01	2.02838657e-03
3.23424071e-01	2.85561144e-01	2.03072256e-03
3.23885113e-01	2.84669697e-01	2.02727946e-03
3.24346185e-01	2.80410707e-01	2.01684143e-03
3.24807227e-01	2.81517178e-01	2.01963028e-03
3.25268269e-01	2.80497402e-01	2.01385841e-03
3.25729340e-01	2.81947434e-01	2.01575644e-03
3.26190382e-01	2.79014826e-01	2.00722506e-03
3.26651454e-01	2.75551617e-01	1.99633604e-03
3.27112496e-01	2.75509179e-01	1.99680636e-03
3.27573568e-01	2.76364714e-01	1.99819123e-03
3.28034610e-01	2.74640948e-01	1.99085707e-03
3.28495651e-01	2.71841437e-01	1.98321091e-03
3.28956723e-01	2.73254931e-01	1.98519719e-03
3.29417765e-01	2.71150291e-01	1.97795825e-03
3.29878837e-01	2.71572113e-01	1.97843183e-03
3.30339879e-01	2.69852042e-01	1.97260873e-03
3.30800921e-01	2.68335879e-01	1.96962291e-03
3.31261992e-01	2.66476810e-01	1.96233578e-03
3.31723034e-01	2.67509639e-01	1.96280982e-03
3.32184106e-01	2.67012388e-01	1.96081586e-03
3.32645148e-01	2.66493529e-01	1.95902493e-03
3.33106220e-01	2.67467529e-01	1.96087826e-03
3.33567262e-01	2.63318479e-01	1.94853824e-03
3.34028304e-01	2.60958016e-01	1.94282515e-03
3.34489375e-01	2.61172771e-01	1.94189081e-03
3.34950417e-01	2.60623127e-01	1.93899241e-03
3.35411489e-01	2.57440925e-01	1.93056872e-03
3.35872531e-01	2.57437348e-01	1.93104544e-03
3.36333603e-01	2.57912308e-01	1.92894228e-03
3.36794645e-01	2.60184586e-01	1.93239655e-03
3.37255687e-01	2.59214222e-01	1.92948023e-03
3.37716758e-01	2.52843618e-01	1.91304437e-03
3.38177800e-01	2.51446694e-01	1.91054738e-03
3.38638872e-01	2.52174318e-01	1.91019697e-03
3.39099914e-01	2.50202119e-01	1.90414977e-03
3.39560956e-01	2.49301225e-01	1.90056372e-03
3.40022027e-01	2.50535548e-01	1.90245360e-03
3.40483069e-01	2.50127226e-01	1.90163124e-03
3.40944141e-01	2.48612359e-01	1.89644378e-03
3.41405183e-01	2.48242527e-01	1.89534458e-03
3.41866255e-01	2.46518731e-01	1.88803242e-03
3.42327297e-01	2.48641014e-01	1.89277029e-03
3.42788339e-01	2.46946543e-01	1.88771111e-03
3.43249410e-01	2.45827526e-01	1.88449176e-03
3.43710452e-01	2.42444038e-01	1.87454745e-03
3.44171524e-01	2.44878650e-01	1.88056100e-03
3.44632566e-01	2.42700487e-01	1.87405350e-03
3.45093608e-01	2.40199730e-01	1.86666253e-03
3.45554680e-01	2.39692256e-01	1.86490896e-03
3.46015722e-01	2.38777786e-01	1.86120567e-03
3.46476793e-01	2.37964109e-01	1.85753987e-03
3.46937835e-01	2.37647802e-01	1.85624452e-03
3.47398907e-01	2.36033350e-01	1.85201410e-03
3.47859949e-01	2.33931229e-01	1.84683281e-03
3.48320991e-01	2.32894570e-01	1.84294092e-03
3.48782063e-01	2.35891059e-01	1.84810872e-03
3.49243104e-01	2.36048266e-01	1.84595934e-03
3.49704176e-01	2.31833249e-01	1.83673459e-03
3.50165218e-01	2.30955169e-01	1.83482131e-03
3.50626290e-01	2.33060911e-01	1.83617359e-03
3.51087332e-01	2.32014015e-01	1.83195318e-03
3.51548374e-01	2.29236126e-01	1.82529166e-03
3.52009445e-01	2.30090573e-01	1.82717084e-03
3.52470487e-01	2.27659464e-01	1.81945600e-03
3.52931559e-01	2.27773666e-01	1.81919709e-03
3.53392601e-01	2.27404684e-01	1.81574782e-03
3.53853643e-01	2.27416545e-01	1.81423523e-03
3.54314715e-01	2.25382060e-01	1.80850213e-03
3.54775757e-01	2.24856347e-01	1.80694892e-03
3.55236828e-01	2.23165512e-01	1.80112314e-03
3.55697870e-01	2.23503470e-01	1.80127099e-03
3.56158942e-01	2.22323850e-01	1.79578608e-03
3.56619984e-01	2.24600747e-01	1.80047285e-03
3.57081026e-01	2.22693130e-01	1.79386139e-03
3.57542098e-01	2.22194508e-01	1.79172494e-03
3.58003139e-01	2.21073270e-01	1.78754912e-03
3.58464211e-01	2.20150784e-01	1.78433326e-03
3.58925253e-01	2.19563693e-01	1.78149506e-03
3.59386295e-01	2.18388990e-01	1.77735987e-03
3.59847367e-01	2.17846870e-01	1.77567231e-03
3.60308409e-01	2.17370436e-01	1.77276321e-03
3.60769480e-01	2.16674954e-01	1.76944374e-03
3.61230522e-01	2.15422392e-01	1.76513381e-03
3.61691594e-01	2.14426592e-01	1.76224520e-03
3.62152636e-01	2.13477105e-01	1.75924657e-03
3.62613678e-01	2.13209182e-01	1.75691955e-03
3.63074750e-01	2.13246658e-01	1.75649358e-03
3.63535792e-01	2.09350258e-01	1.74542738e-03
3.63996863e-01	2.10283205e-01	1.74782239e-03
3.64457905e-01	2.09013075e-01	1.74343376e-03
3.64918977e-01	2.12029129e-01	1.74970995e-03
3.65380019e-01	2.09478214e-01	1.74131081e-03
3.65841061e-01	2.08723307e-01	1.73885340e-03
3.66302133e-01	2.08131164e-01	1.73558923e-03
3.66763175e-01	2.06415370e-01	1.73084182e-03
3.67224246e-01	2.05923513e-01	1.72866846e-03
3.67685288e-01	2.08074972e-01	1.73264497e-03
3.68146330e-01	2.07534105e-01	1.72970537e-03
3.68607402e-01	2.06584841e-01	1.72589836e-03
3.69068444e-01	2.05133945e-01	1.72206480e-03
3.69529516e-01	2.05544546e-01	1.72129588e-03
3.69990557e-01	2.03659683e-01	1.71482156e-03
3.70451629e-01	2.01721266e-01	1.71105820e-03
3.70912671e-01	2.01171547e-01	1.70930417e-03
3.71373713e-01	2.00556725e-01	1.70464558e-03
3.71834785e-01	2.01809928e-01	1.70776737e-03
3.72295827e-01	1.99598521e-01	1.70147768e-03
3.72756898e-01	1.98672891e-01	1.69804064e-03
3.73217940e-01	1.98230460e-01	1.69633515e-03
3.73678982e-01	1.99584410e-01	1.69716903e-03
3.74140054e-01	1.96773753e-01	1.68817001e-03
3.74601096e-01	1.96451604e-01	1.68871391e-03
3.75062168e-01	1.95213526e-01	1.68361014e-03
3.75523210e-01	1.97749540e-01	1.68848597e-03
3.75984281e-01	1.96852937e-01	1.68369361e-03
3.76445323e-01	1.96535736e-01	1.68250466e-03
3.76906365e-01	1.95388585e-01	1.68001803e-03
3.77367437e-01	1.93658739e-01	1.67445315e-03
3.77828479e-01	1.91735893e-01	1.66941748e-03
3.78289551e-01	1.91923484e-01	1.66868721e-03
3.78750592e-01	1.92518935e-01	1.66733225e-03
3.79211664e-01	1.93206161e-01	1.66907930e-03
3.79672706e-01	1.91332206e-01	1.66481198e-03
3.80133748e-01	1.91284537e-01	1.66340079e-03
3.80594820e-01	1.91627830e-01	1.66227552e-03
3.81055862e-01	1.88895926e-01	1.65491062e-03
3.81516933e-01	1.88872606e-01	1.65481609e-03
3.81977975e-01	1.87908530e-01	1.65134075e-03
3.82439017e-01	1.87591121e-01	1.65069324e-03
3.82900089e-01	1.86953291e-01	1.64827087e-03
3.83361131e-01	1.87227085e-01	1.64660625e-03
3.83822203e-01	1.87816203e-01	1.64665992e-03
3.84283245e-01	1.85851038e-01	1.64076244e-03
3.84744316e-01	1.87869623e-01	1.64612290e-03
3.85205358e-01	1.85398579e-01	1.63911318e-03
3.85666400e-01	1.83444768e-01	1.63412711e-03
3.86127472e-01	1.84751064e-01	1.63564458e-03
3.86588514e-01	1.85195252e-01	1.63597835e-03
3.87049586e-01	1.82877153e-01	1.62982917e-03
3.87510628e-01	1.82940915e-01	1.62881543e-03
3.87971669e-01	1.83334947e-01	1.62893184e-03
3.88432741e-01	1.82977274e-01	1.62728631e-03
3.88893783e-01	1.81892931e-01	1.62302458e-03
3.89354855e-01	1.83872938e-01	1.62741041e-03
3.89815897e-01	1.83998719e-01	1.62587711e-03
3.90276968e-01	1.82624489e-01	1.62156415e-03
3.90738010e-01	1.82884127e-01	1.62210595e-03
3.91199052e-01	1.82590038e-01	1.61968358e-03
3.91660124e-01	1.82678729e-01	1.61950348e-03
3.92121166e-01	1.83460236e-01	1.61997695e-03
3.92582238e-01	1.83838457e-01	1.62054761e-03
3.93043280e-01	1.82623535e-01	1.61705131e-03
3.93504351e-01	1.80617437e-01	1.61173532e-03
3.93965393e-01	1.79626748e-01	1.60880724e-03
3.94426435e-01	1.78035229e-01	1.60475285e-03
3.94887507e-01	1.76175892e-01	1.60120265e-03
3.95348549e-01	1.77686170e-01	1.60366460e-03
3.95809621e-01	1.74929917e-01	1.59571471e-03
3.96270663e-01	1.72707751e-01	1.59047754e-03
3.96731704e-01	1.72212690e-01	1.58942328e-03
3.97192776e-01	1.72759444e-01	1.59017439e-03
3.97653818e-01	1.72841877e-01	1.58848672e-03
3.98114890e-01	1.72099516e-01	1.58577412e-03
3.98575932e-01	1.70242757e-01	1.58048759e-03
3.99037004e-01	1.69567570e-01	1.57904881e-03
3.99498045e-01	1.68643922e-01	1.57600956e-03
3.99959087e-01	1.70669422e-01	1.58025848e-03
4.00420159e-01	1.69431269e-01	1.57629384e-03
4.00881201e-01	1.67544514e-01	1.57103688e-03
4.01342273e-01	1.69160649e-01	1.57400570e-03
4.01803315e-01	1.69863522e-01	1.57548825e-03
4.02264357e-01	1.67979449e-01	1.56979670e-03
4.02725428e-01	1.68244302e-01	1.56970543e-03
4.03186470e-01	1.65230215e-01	1.56241527e-03
4.03647542e-01	1.65935442e-01	1.56373961e-03
4.04108584e-01	1.65813416e-01	1.56206300e-03
4.04569656e-01	1.65515989e-01	1.56204856e-03
4.05030698e-01	1.64748177e-01	1.55848602e-03
4.05491740e-01	1.64380834e-01	1.55685260e-03
4.05952811e-01	1.61846772e-01	1.55078527e-03
4.06413853e-01	1.63385361e-01	1.55335129e-03
4.06874925e-01	1.62784174e-01	1.55035348e-03
4.07335967e-01	1.61408871e-01	1.54781993e-03
4.07797039e-01	1.61512911e-01	1.54674007e-03
4.08258080e-01	1.62703425e-01	1.54913194e-03
4.08719122e-01	1.61798760e-01	1.54629024e-03
4.09180194e-01	1.61148131e-01	1.54345180e-03
4.09641236e-01	1.61119863e-01	1.54320092e-03
4.10102308e-01	1.59214497e-01	1.53711508e-03
4.10563350e-01	1.60121247e-01	1.53862208e-03
4.11024392e-01	1.60866499e-01	1.53932732e-03
4.11485463e-01	1.58433750e-01	1.53349619e-03
4.11946505e-01	1.57558620e-01	1.53009105e-03
4.12407577e-01	1.60646290e-01	1.53723988e-03
4.12868619e-01	1.58671170e-01	1.53060374e-03
4.13329691e-01	1.56777054e-01	1.52565981e-03
4.13790733e-01	1.56469360e-01	1.52478472e-03
4.14251775e-01	1.56785205e-01	1.52266922e-03
4.14712846e-01	1.57640874e-01	1.52438332e-03
4.15173888e-01	1.57318220e-01	1.52265315e-03
4.15634960e-01	1.56188279e-01	1.51921890e-03
4.16096002e-01	1.54798985e-01	1.51519547e-03
4.16557044e-01	1.54471353e-01	1.51477347e-03
4.17018116e-01	1.53459325e-01	1.51117682e-03
4.17479157e-01	1.54127061e-01	1.51104771e-03
4.17940229e-01	1.54397130e-01	1.51155307e-03
4.18401271e-01	1.54071629e-01	1.51004724e-03
4.18862343e-01	1.52333528e-01	1.50436047e-03
4.19323385e-01	1.52767867e-01	1.50394416e-03
4.19784427e-01	1.54596284e-01	1.50749623e-03
4.20245498e-01	1.52872711e-01	1.50241947e-03
4.20706540e-01	1.50262311e-01	1.49581837e-03
4.21167612e-01	1.50991186e-01	1.49753632e-03
4.21628654e-01	1.52321771e-01	1.49901840e-03
4.22089696e-01	1.49028987e-01	1.48950494e-03
4.22550768e-01	1.51038840e-01	1.49451836e-03
4.23011810e-01	1.51589662e-01	1.49414025e-03
4.23472881e-01	1.49993628e-01	1.48909143e-03
4.23933923e-01	1.48716703e-01	1.48585741e-03
4.24394995e-01	1.48788556e-01	1.48537674e-03
4.24856037e-01	1.50432304e-01	1.48839480e-03
4.25317079e-01	1.48667499e-01	1.48302608e-03
4.25778151e-01	1.48192018e-01	1.48134434e-03
4.26239192e-01	1.48015171e-01	1.48065970e-03
4.26700264e-01	1.47435024e-01	1.47870765e-03
4.27161306e-01	1.46693885e-01	1.47582009e-03
4.27622378e-01	1.48571223e-01	1.48355484e-03
4.28083420e-01	1.47258192e-01	1.48499396e-03
4.28544462e-01	1.45752177e-01	1.48467021e-03
4.29005533e-01	1.46433815e-01	1.48638641e-03
4.29466575e-01	1.46518558e-01	1.48683391e-03
4.29927647e-01	1.44147024e-01	1.48356217e-03
4.30388689e-01	1.43963307e-01	1.48381724e-03
4.30849731e-01	1.44949719e-01	1.48685474e-03
4.31310803e-01	1.45819157e-01	1.49040821e-03
4.31771845e-01	1.44712642e-01	1.48793752e-03
4.32232916e-01	1.44176587e-01	1.48785976e-03
4.32693958e-01	1.44355282e-01	1.49059109e-03
4.33155030e-01	1.43102452e-01	1.48845930e-03
4.33616072e-01	1.43897787e-01	1.49084290e-03
4.34077114e-01	1.42610773e-01	1.48772064e-03
4.34538186e-01	1.43975079e-01	1.49264256e-03
4.34999228e-01	1.43104270e-01	1.49055826e-03
4.35460299e-01	1.41016394e-01	1.48618757e-03
4.35921341e-01	1.40893653e-01	1.48716685e-03
4.36382383e-01	1.40519112e-01	1.48648978e-03
4.36843455e-01	1.40147910e-01	1.48588361e-03
4.37304497e-01	1.41214460e-01	1.48972392e-03
4.37765568e-01	1.39868468e-01	1.48692704e-03
4.38226610e-01	1.39744669e-01	1.48687966e-03
4.38687682e-01	1.39594257e-01	1.48685614e-03
4.39148724e-01	1.38299689e-01	1.48490747e-03
4.39609766e-01	1.38331801e-01	1.48477918e-03
4.40070838e-01	1.37721509e-01	1.48488255e-03
4.40531880e-01	1.37306154e-01	1.48413028e-03
4.40992951e-01	1.38538450e-01	1.48633355e-03
4.41453993e-01	1.36030197e-01	1.48074911e-03
4.41915065e-01	1.37133151e-01	1.48483715e-03
4.42376107e-01	1.37319446e-01	1.48438686e-03
4.42837149e-01	1.36872709e-01	1.48425775e-03
4.43298221e-01	1.37065604e-01	1.48481561e-03
4.43759263e-01	1.36700422e-01	1.48366403e-03
4.44220334e-01	1.35582909e-01	1.48248824e-03
4.44681376e-01	1.34403333e-01	1.47857785e-03
4.45142418e-01	1.36063263e-01	1.48315425e-03
4.45603490e-01	1.36941880e-01	1.48567033e-03
4.46064532e-01	1.36311457e-01	1.48405076e-03
4.46525604e-01	1.34465903e-01	1.48018484e-03
4.46986645e-01	1.34706825e-01	1.48159475e-03
4.47447717e-01	1.33994877e-01	1.47964363e-03
4.47908759e-01	1.33581400e-01	1.47891941e-03
4.48369801e-01	1.34179786e-01	1.48063921e-03
4.48830873e-01	1.31980091e-01	1.47555373e-03
4.49291915e-01	1.33749902e-01	1.48016843e-03
4.49752986e-01	1.34395123e-01	1.48174132e-03
4.50214028e-01	1.32729977e-01	1.47737900e-03
4.50675070e-01	1.32538691e-01	1.47653441e-03
4.51136142e-01	1.32050946e-01	1.47746643e-03
4.51597184e-01	1.31013721e-01	1.47512858e-03
4.52058256e-01	1.30589873e-01	1.47405092e-03
4.52519298e-01	1.32441759e-01	1.47809787e-03
4.52980369e-01	1.32453203e-01	1.47721719e-03
4.53441411e-01	1.32630438e-01	1.47859356e-03
4.53902453e-01	1.30989015e-01	1.47525710e-03
4.54363525e-01	1.29949600e-01	1.47325918e-03
4.54824567e-01	1.30317613e-01	1.47379970e-03
4.55285639e-01	1.28949702e-01	1.47042377e-03
4.55746680e-01	1.29896492e-01	1.47378771e-03
4.56207752e-01	1.30108967e-01	1.47381821e-03
4.56668794e-01	1.29976988e-01	1.47400994e-03
4.57129836e-01	1.27642721e-01	1.46776496e-03
4.57590908e-01	1.27985373e-01	1.47092668e-03
4.58051950e-01	1.27037734e-01	1.46768091e-03
4.58513021e-01	1.29699007e-01	1.47325709e-03
4.58974063e-01	1.29022688e-01	1.47104729e-03
4.59435105e-01	1.27263322e-01	1.46771863e-03
4.59896177e-01	1.27615541e-01	1.46909431e-03
4.60357219e-01	1.27054974e-01	1.46753155e-03
4.60818291e-01	1.25639096e-01	1.46446272e-03
4.61279333e-01	1.26628160e-01	1.46733341e-03
4.61740404e-01	1.28139466e-01	1.46969967e-03
4.62201446e-01	1.28881603e-01	1.47153228e-03
4.62662488e-01	1.28272131e-01	1.47473137e-03
4.63123560e-01	1.28229782e-01	1.48416648e-03
4.63584602e-01	1.25205308e-01	1.48195727e-03
4.64045674e-01	1.26006663e-01	1.49034488e-03
4.64506716e-01	1.23513117e-01	1.48646382e-03
4.64967757e-01	1.25808313e-01	1.49574550e-03
4.65428829e-01	1.25576630e-01	1.49682979e-03
4.65889871e-01	1.26693517e-01	1.50085334e-03
4.66350943e-01	1.26232967e-01	1.50216033e-03
4.66811985e-01	1.24247298e-01	1.49867579e-03
4.67273057e-01	1.26357123e-01	1.50648062e-03
4.67734098e-01	1.24964654e-01	1.50487502e-03
4.68195140e-01	1.24282219e-01	1.50639913e-03
4.68656212e-01	1.23419866e-01	1.50635722e-03
4.69117254e-01	1.24116920e-01	1.51049590e-03
4.69578326e-01	1.24625310e-01	1.51316787e-03
4.70039368e-01	1.22908577e-01	1.50994677e-03
4.70500439e-01	1.22686245e-01	1.51189859e-03
4.70961481e-01	1.23159491e-01	1.51481596e-03
4.71422523e-01	1.22852072e-01	1.51502807e-03
4.71883595e-01	1.22457527e-01	1.51524949e-03
4.72344637e-01	1.22070394e-01	1.51663867e-03
4.72805709e-01	1.20111190e-01	1.51259301e-03
4.73266751e-01	1.22066520e-01	1.51909585e-03
4.73727793e-01	1.23296797e-01	1.52271264e-03
4.74188864e-01	1.22386456e-01	1.52162672e-03
4.74649906e-01	1.21291921e-01	1.52083626e-03
4.75110978e-01	1.21443391e-01	1.52244943e-03
4.75572020e-01	1.20015681e-01	1.51800120e-03
4.76033092e-01	1.21462740e-01	1.52298296e-03
4.76494133e-01	1.20605111e-01	1.52153615e-03
4.76955175e-01	1.20593205e-01	1.52148120e-03
4.77416247e-01	1.21014975e-01	1.52282545e-03
4.77877289e-01	1.19991288e-01	1.52135326e-03
4.78338361e-01	1.20118067e-01	1.52352871e-03
4.78799403e-01	1.18797466e-01	1.52034103e-03
4.79260445e-01	1.18262514e-01	1.51907257e-03
4.79721516e-01	1.17393017e-01	1.51699362e-03
4.80182558e-01	1.18935466e-01	1.52196432e-03
4.80643630e-01	1.18367180e-01	1.52068725e-03
4.81104672e-01	1.19130038e-01	1.52315176e-03
4.81565744e-01	1.18459210e-01	1.52205187e-03
4.82026786e-01	1.18066058e-01	1.52211334e-03
4.82487828e-01	1.17296301e-01	1.51909981e-03
4.82948899e-01	1.17480874e-01	1.52054126e-03
4.83409941e-01	1.19030133e-01	1.52631942e-03
4.83871013e-01	1.18128814e-01	1.52363558e-03
4.84332055e-01	1.16842106e-01	1.52135279e-03
4.84793127e-01	1.15633644e-01	1.52001122e-03
4.85254169e-01	1.14994250e-01	1.51884567e-03
4.85715210e-01	1.16156481e-01	1.52229867e-03
4.86176282e-01	1.15424789e-01	1.52106665e-03
4.86637324e-01	1.15784265e-01	1.52315805e-03
4.87098396e-01	1.14937320e-01	1.52165000e-03
4.87559438e-01	1.14907399e-01	1.52209576e-03
4.88020480e-01	1.16120361e-01	1.52567902e-03
4.88481551e-01	1.15880705e-01	1.52596785e-03
4.88942593e-01	1.15061104e-01	1.52439158e-03
4.89403665e-01	1.16059758e-01	1.52747799e-03
4.89864707e-01	1.14837930e-01	1.52428518e-03
4.90325779e-01	1.14905976e-01	1.52507587e-03
4.90786821e-01	1.15143098e-01	1.52712071e-03
4.91247863e-01	1.15226187e-01	1.52826752e-03
4.91708934e-01	1.14437617e-01	1.52566971e-03
4.92169976e-01	1.14462830e-01	1.52740558e-03
4.92631048e-01	1.13934472e-01	1.52757496e-03
4.93092090e-01	1.13537714e-01	1.52732921e-03
4.93553132e-01	1.13203540e-01	1.52646133e-03
4.94014204e-01	1.14262223e-01	1.52962131e-03
4.94475245e-01	1.13686427e-01	1.52871571e-03
4.94936317e-01	1.13554224e-01	1.53006590e-03
4.95397359e-01	1.13446176e-01	1.53021014e-03
4.95858431e-01	1.13028862e-01	1.52939698e-03
4.96319473e-01	1.10924706e-01	1.52469671e-03
4.96780515e-01	1.10643402e-01	1.52539823e-03
4.97241586e-01	1.10845730e-01	1.52611372e-03
4.97702628e-01	1.12072781e-01	1.53027964e-03
4.98163700e-01	1.12164713e-01	1.53076113e-03
4.98624742e-01	1.10529140e-01	1.52663630e-03
4.99085814e-01	1.12225018e-01	1.53389259e-03
4.99546856e-01	1.10551693e-01	1.52847485e-03
5.00007927e-01	1.11118898e-01	1.53106707e-03
5.00468969e-01	1.10564150e-01	1.53094355e-03
5.00930011e-01	1.09334588e-01	1.52769289e-03
5.01391053e-01	1.09928057e-01	1.53039629e-03
5.01852155e-01	1.09813415e-01	1.53080863e-03
5.02313197e-01	1.09733485e-01	1.53042865e-03
5.02774239e-01	1.09379329e-01	1.53001049e-03
5.03235281e-01	1.10166274e-01	1.53322075e-03
5.03696322e-01	1.10491931e-01	1.53473136e-03
5.04157424e-01	1.09036662e-01	1.53104949e-03
5.04618466e-01	1.07972249e-01	1.52864843e-03
5.05079508e-01	1.08590841e-01	1.53160165e-03
5.05540550e-01	1.08504906e-01	1.53304939e-03
5.06001592e-01	1.07270978e-01	1.53011759e-03
5.06462693e-01	1.07658729e-01	1.53206883e-03
5.06923735e-01	1.07193194e-01	1.53122819e-03
5.07384777e-01	1.07955292e-01	1.53317372e-03
5.07845819e-01	1.07913651e-01	1.53407198e-03
5.08306861e-01	1.08616546e-01	1.53684651e-03
5.08767962e-01	1.07057616e-01	1.53211155e-03
5.09229004e-01	1.07795022e-01	1.53485977e-03
5.09690046e-01	1.08161785e-01	1.53713976e-03
5.10151088e-01	1.05991676e-01	1.53292366e-03
5.10612190e-01	1.08547866e-01	1.54143630e-03
5.11073232e-01	1.07080735e-01	1.53718353e-03
5.11534274e-01	1.05590023e-01	1.53397059e-03
5.11995316e-01	1.05115458e-01	1.53217022e-03
5.12456357e-01	1.05063975e-01	1.53330609e-03
5.12917459e-01	1.06825843e-01	1.53965293e-03
5.13378501e-01	1.05789348e-01	1.53677061e-03
5.13839543e-01	1.03966750e-01	1.53303496e-03
5.14300585e-01	1.04645029e-01	1.53529563e-03
5.14761627e-01	1.05920419e-01	1.53871276e-03
5.15222728e-01	1.05326556e-01	1.53823069e-03
5.15683770e-01	1.04979552e-01	1.53795886e-03
5.16144812e-01	1.03831090e-01	1.53433101e-03
5.16605854e-01	1.04246520e-01	1.53512158e-03
5.17066896e-01	1.05702996e-01	1.53978099e-03
5.17527997e-01	1.03771128e-01	1.53358851e-03
5.17989039e-01	1.04892448e-01	1.53872266e-03
5.18450081e-01	1.03933275e-01	1.53615477e-03
5.18911123e-01	1.03255652e-01	1.53459830e-03
5.19372165e-01	1.02867559e-01	1.53377594e-03
5.19833267e-01	1.02539018e-01	1.53286033e-03
5.20294309e-01	1.03560649e-01	1.53574080e-03
5.20755351e-01	1.02713846e-01	1.53352425e-03
5.21216393e-01	1.01634301e-01	1.53193914e-03
5.21677494e-01	1.01030134e-01	1.52911444e-03
5.22138536e-01	1.02512456e-01	1.53401424e-03
5.22599578e-01	1.01511300e-01	1.53327512e-03
5.23060620e-01	9.92664993e-02	1.52618845e-03
5.23521662e-01	1.01401843e-01	1.53179362e-03
5.23982763e-01	1.00546561e-01	1.52910245e-03
5.24443805e-01	1.01429477e-01	1.53385440e-03
5.24904847e-01	1.00947425e-01	1.53162086e-03
5.25365889e-01	1.01690233e-01	1.53308618e-03
5.25826931e-01	1.02296412e-01	1.53714081e-03
5.26288033e-01	1.00494899e-01	1.53402868e-03
5.26749074e-01	9.99046564e-02	1.53148349e-03
5.27210116e-01	1.00306734e-01	1.53235462e-03
5.27671158e-01	1.01685479e-01	1.53742789e-03
5.28132200e-01	1.01994954e-01	1.53762009e-03
5.28593302e-01	1.01881966e-01	1.53931859e-03
5.29054344e-01	9.98129696e-02	1.53379072e-03
5.29515386e-01	9.83801484e-02	1.52951526e-03
5.29976428e-01	1.00017354e-01	1.53600913e-03
5.30437529e-01	1.00309573e-01	1.53691147e-03
5.30898571e-01	9.82293040e-02	1.53122493e-03
5.31359613e-01	9.83686000e-02	1.53286441e-03
5.31820655e-01	9.80104730e-02	1.53268978e-03
5.32281697e-01	9.89083126e-02	1.53605675e-03
5.32742798e-01	9.92059857e-02	1.53623871e-03
5.33203840e-01	9.99151841e-02	1.53875863e-03
5.33664882e-01	9.90619212e-02	1.54438044e-03
5.34125924e-01	9.96873230e-02	1.55623234e-03
5.34586966e-01	9.90545973e-02	1.55813131e-03
5.35048068e-01	9.88684893e-02	1.55959255e-03
5.35509109e-01	9.91516933e-02	1.56488421e-03
5.35970151e-01	9.85502228e-02	1.56612415e-03
5.36431193e-01	9.91304368e-02	1.57078053e-03
5.36892235e-01	9.84868035e-02	1.57336984e-03
5.37353337e-01	9.71929729e-02	1.57323084e-03
5.37814379e-01	9.91857871e-02	1.58242858e-03
5.38275421e-01	9.81086940e-02	1.58221158e-03
5.38736463e-01	9.68642309e-02	1.58177072e-03
5.39197505e-01	9.62804034e-02	1.58251298e-03
5.39658606e-01	9.70448628e-02	1.58718298e-03
5.40119648e-01	9.77175534e-02	1.59185973e-03
5.40580690e-01	9.79081690e-02	1.59468432e-03
5.41041732e-01	9.87171531e-02	1.59965677e-03
5.41502833e-01	9.74985957e-02	1.59850135e-03
5.41963875e-01	9.74647254e-02	1.61224115e-03
5.42424917e-01	9.65984613e-02	1.62470643e-03
5.42885959e-01	9.33370441e-02	1.62619282e-03
5.43347001e-01	9.47131738e-02	1.64046884e-03
5.43808103e-01	9.58523005e-02	1.64986751e-03
5.44269145e-01	9.56825465e-02	1.65625941e-03
5.44730186e-01	9.67842489e-02	1.66566821e-03
5.45191228e-01	9.70718265e-02	1.67189189e-03
5.45652270e-01	9.69152525e-02	1.67795387e-03
5.46113372e-01	9.55597311e-02	1.67981011e-03
5.46574414e-01	9.57435071e-02	1.68798305e-03
5.47035456e-01	9.64229554e-02	1.69621280e-03
5.47496498e-01	9.65240300e-02	1.70180609e-03
5.47957540e-01	9.47793350e-02	1.70145347e-03
5.48418641e-01	9.56488028e-02	1.71133573e-03
5.48879683e-01	9.35170129e-02	1.71040022e-03
5.49340725e-01	9.40395966e-02	1.71779469e-03
5.49801767e-01	9.52759087e-02	1.72628369e-03
5.50262868e-01	9.23942178e-02	1.72269996e-03
5.50723910e-01	9.26929861e-02	1.73159293e-03
5.51184952e-01	9.33022201e-02	1.73755060e-03
5.51645994e-01	9.21077505e-02	1.73842139e-03
5.52107036e-01	9.21855122e-02	1.74510689e-03
5.52568138e-01	9.17412788e-02	1.74869876e-03
5.53029180e-01	9.15397033e-02	1.75234058e-03
5.53490222e-01	9.33469087e-02	1.76374963e-03
5.53951263e-01	9.28292722e-02	1.76634488e-03
5.54412305e-01	9.32437479e-02	1.77387090e-03
5.54873407e-01	9.15526301e-02	1.77333725e-03
5.55334449e-01	9.21391621e-02	1.77944417e-03
5.55795491e-01	9.26259384e-02	1.78553315e-03
5.56256533e-01	9.16026980e-02	1.78904110e-03
5.56717575e-01	9.01234895e-02	1.78927986e-03
5.57178676e-01	9.08734277e-02	1.79590401e-03
5.57639718e-01	9.13032144e-02	1.80287322e-03
5.58100760e-01	9.05183330e-02	1.80380361e-03
5.58561802e-01	9.23627168e-02	1.81400287e-03
5.59022903e-01	9.31629986e-02	1.82226091e-03
5.59483945e-01	9.22353417e-02	1.82552473e-03
5.59944987e-01	9.08566490e-02	1.82483532e-03
5.60406029e-01	9.07636806e-02	1.82941929e-03
5.60867071e-01	9.16792974e-02	1.83972938e-03
5.61328173e-01	8.92152041e-02	1.83403364e-03
5.61789215e-01	8.98146555e-02	1.84323301e-03
5.62250257e-01	8.92960951e-02	1.84620614e-03
5.62711298e-01	8.99685323e-02	1.85243040e-03
5.63172340e-01	9.05552730e-02	1.85829937e-03
5.63633442e-01	9.11323726e-02	1.86582073e-03
5.64094484e-01	9.02827531e-02	1.86927093e-03
5.64555526e-01	8.83650854e-02	1.86712225e-03
5.65016568e-01	8.96579251e-02	1.87686388e-03
5.65477610e-01	8.99632275e-02	1.88295729e-03
5.65938711e-01	9.01614055e-02	1.88876071e-03
5.66399753e-01	9.11221281e-02	1.89561094e-03
5.66860795e-01	9.01961997e-02	1.89823029e-03
5.67321837e-01	8.69510621e-02	1.89133710e-03
5.67782879e-01	8.81913453e-02	1.90175534e-03
5.68243980e-01	8.77855793e-02	1.90581940e-03
5.68705022e-01	8.65824670e-02	1.90730672e-03
5.69166064e-01	8.60796422e-02	1.90956576e-03
5.69627106e-01	8.86246860e-02	1.92306342e-03
5.70088208e-01	8.84053558e-02	1.92783121e-03
5.70549250e-01	8.71495083e-02	1.92725414e-03
5.71010292e-01	8.89083520e-02	1.93854445e-03
5.71471334e-01	8.82435590e-02	1.94124074e-03
5.71932375e-01	8.80913287e-02	1.94790552e-03
5.72393477e-01	8.62618163e-02	1.94350746e-03
5.72854519e-01	8.82477388e-02	1.95637811e-03
5.73315561e-01	8.68991241e-02	1.95561256e-03
5.73776603e-01	8.72982740e-02	1.96045358e-03
5.74237645e-01	8.91836956e-02	1.97131047e-03
5.74698746e-01	8.84238556e-02	1.97102549e-03
5.75159788e-01	8.79698023e-02	1.97498826e-03
5.75620830e-01	8.72384980e-02	1.97594427e-03
5.76081872e-01	8.73878524e-02	1.97924534e-03
5.76542914e-01	8.61944035e-02	1.98325934e-03
5.77004015e-01	8.41017440e-02	1.97742064e-03
5.77465057e-01	8.83457437e-02	1.99605664e-03
5.77926099e-01	8.74621049e-02	1.99735421e-03
5.78387141e-01	8.56993422e-02	1.99458259e-03
5.78848243e-01	8.61324072e-02	2.00172258e-03
5.79309285e-01	8.61713886e-02	2.00712821e-03
5.79770327e-01	8.61458555e-02	2.01251963e-03
5.80231369e-01	8.44583958e-02	2.01030495e-03
5.80692410e-01	8.55464265e-02	2.02043192e-03
5.81153512e-01	8.49502087e-02	2.02225056e-03
5.81614554e-01	8.57980624e-02	2.03033607e-03
5.82075596e-01	8.42820257e-02	2.03079195e-03
5.82536638e-01	8.41574892e-02	2.03455286e-03
5.82997680e-01	8.66533220e-02	2.05112947e-03
5.83458781e-01	8.55374485e-02	2.05269665e-03
5.83919823e-01	8.31431895e-02	2.04851804e-03
5.84380865e-01	8.20130035e-02	2.04953039e-03
5.84841907e-01	8.69047940e-02	2.07574409e-03
5.85302949e-01	8.59583393e-02	2.07430474e-03
5.85764050e-01	8.47960562e-02	2.07742443e-03
5.86225092e-01	8.44615549e-02	2.08033202e-03
5.86686134e-01	8.72378200e-02	2.09653308e-03
5.87147176e-01	8.63579735e-02	2.09484762e-03
5.87608278e-01	8.65715817e-02	2.10431684e-03
5.88069320e-01	8.28290954e-02	2.09634239e-03
5.88530362e-01	8.37425739e-02	2.10601441e-03
5.88991404e-01	8.33252370e-02	2.10946077e-03
5.89452446e-01	8.54314268e-02	2.12332606e-03
5.89913547e-01	8.57206807e-02	2.12893006e-03
5.90374589e-01	8.42967853e-02	2.13010213e-03
5.90835631e-01	8.52206647e-02	2.13951990e-03
5.91296673e-01	8.31150711e-02	2.13557598e-03
5.91757715e-01	8.52284208e-02	2.15071510e-03
5.92218816e-01	8.61250013e-02	2.15709442e-03
5.92679858e-01	8.42281431e-02	2.15943856e-03
5.93140900e-01	8.24266076e-02	2.15685507e-03
5.93601942e-01	8.53472874e-02	2.17592577e-03
5.94062984e-01	8.45628232e-02	2.17693532e-03
5.94524086e-01	8.29192922e-02	2.17529689e-03
5.94985127e-01	8.29157680e-02	2.18544947e-03
5.95446169e-01	8.11916515e-02	2.18341826e-03
5.95907211e-01	8.29863399e-02	2.19693640e-03
5.96368253e-01	8.25766474e-02	2.19955249e-03
5.96829355e-01	8.19568112e-02	2.20485684e-03
5.97290397e-01	8.32083598e-02	2.21520476e-03
5.97751439e-01	8.50434452e-02	2.22913735e-03
5.98212481e-01	8.24170336e-02	2.22372892e-03
5.98673582e-01	8.33936706e-02	2.23546312e-03
5.99134624e-01	8.33399594e-02	2.23984360e-03
5.99595666e-01	8.53012800e-02	2.25646934e-03
6.00056708e-01	8.13720375e-02	2.24361243e-03
6.00517750e-01	8.29974040e-02	2.25928985e-03
6.00978851e-01	8.24172348e-02	2.26004329e-03
6.01439893e-01	8.18296224e-02	2.26537744e-03
6.01900935e-01	8.33522007e-02	2.27947487e-03
6.02361977e-01	8.20690095e-02	2.27859872e-03
6.02823019e-01	8.27215090e-02	2.29005143e-03
6.03284121e-01	8.21924433e-02	2.29373807e-03
6.03745162e-01	8.13608542e-02	2.29802402e-03
6.04206204e-01	8.15020055e-02	2.30518216e-03
6.04667246e-01	8.33792835e-02	2.32036132e-03
6.05128288e-01	8.21601301e-02	2.32355739e-03
6.05589390e-01	7.99192339e-02	2.32004188e-03
6.06050432e-01	8.00823122e-02	2.32502189e-03
6.06511474e-01	7.93460235e-02	2.32513971e-03
6.06972516e-01	7.96967000e-02	2.33285152e-03
6.07433617e-01	8.08493495e-02	2.34488328e-03
6.07894659e-01	8.03517550e-02	2.34591193e-03
6.08355701e-01	8.27636197e-02	2.36103800e-03
6.08816743e-01	8.24951679e-02	2.36521754e-03
6.09277785e-01	8.06738958e-02	2.36340589e-03
6.09738886e-01	8.11304599e-02	2.37216847e-03
6.10199928e-01	8.03746134e-02	2.37483787e-03
6.10660970e-01	8.00089166e-02	2.37650075e-03
6.11122012e-01	8.15166831e-02	2.39029154e-03
6.11583054e-01	7.96286240e-02	2.38750828e-03
6.12044156e-01	8.04782212e-02	2.39924295e-03
6.12505198e-01	8.07802305e-02	2.40322854e-03
6.12966239e-01	7.94818550e-02	2.40408326e-03
6.13427281e-01	7.89387599e-02	2.40899576e-03
6.13888323e-01	8.16217884e-02	2.42423825e-03
6.14349425e-01	8.12723860e-02	2.43148045e-03
6.14810467e-01	7.96119347e-02	2.43282854e-03
6.15271509e-01	7.82834515e-02	2.43444508e-03
6.15732551e-01	7.75736719e-02	2.44007423e-03
6.16193652e-01	7.89526701e-02	2.45184731e-03
6.16654694e-01	7.82190040e-02	2.45584408e-03
6.17115736e-01	7.87026510e-02	2.46788817e-03
6.17576778e-01	7.87300915e-02	2.47308565e-03
6.18037820e-01	8.02427083e-02	2.49007763e-03
6.18498921e-01	7.90150911e-02	2.49298825e-03
6.18959963e-01	7.71275535e-02	2.49270163e-03
6.19421005e-01	7.74803311e-02	2.50161509e-03
6.19882047e-01	7.70208165e-02	2.50803772e-03
6.20343089e-01	7.72215128e-02	2.51798239e-03
6.20804191e-01	7.66682997e-02	2.52450258e-03
6.21265233e-01	7.59480074e-02	2.52915802e-03
6.21726274e-01	7.86335319e-02	2.54879426e-03
6.22187316e-01	7.91049749e-02	2.55837222e-03
6.22648358e-01	7.96732903e-02	2.56950455e-03
6.23109460e-01	8.02132860e-02	2.58148788e-03
6.23570502e-01	7.56538808e-02	2.56827334e-03
6.24031544e-01	7.62480423e-02	2.57979892e-03
6.24492586e-01	7.81203061e-02	2.59795925e-03
6.24953628e-01	7.77423605e-02	2.60610436e-03
6.25414729e-01	7.80660734e-02	2.61899503e-03
6.25875771e-01	7.58627802e-02	2.61670188e-03
6.26336813e-01	7.90482834e-02	2.64103478e-03
6.26797855e-01	7.86657408e-02	2.64642760e-03
6.27258956e-01	7.78433308e-02	2.65187724e-03
6.27719998e-01	7.65435174e-02	2.65262416e-03
6.28181040e-01	7.72586763e-02	2.66964617e-03
6.28642082e-01	7.89016783e-02	2.68382439e-03
6.29103124e-01	7.71090835e-02	2.68240599e-03
6.29564226e-01	7.86329508e-02	2.70486064e-03
6.30025268e-01	7.71229342e-02	2.70558731e-03
6.30486310e-01	7.45763630e-02	2.70143826e-03
6.30947351e-01	7.44324774e-02	2.70903134e-03
6.31408393e-01	7.72678033e-02	2.73259054e-03
6.31869495e-01	7.77809843e-02	2.74402392e-03
6.32330537e-01	7.23335296e-02	2.72079138e-03
6.32791579e-01	7.34353065e-02	2.73713609e-03
6.33252621e-01	7.55485371e-02	2.75647617e-03
6.33713663e-01	7.33303353e-02	2.75390269e-03
6.34174764e-01	7.51933679e-02	2.77067930e-03
6.34635806e-01	7.74420872e-02	2.79004639e-03
6.35096848e-01	7.53732175e-02	2.78947107e-03
6.35557890e-01	7.35466778e-02	2.78601213e-03
6.36018991e-01	7.68017620e-02	2.81164865e-03
6.36480033e-01	7.66491368e-02	2.81915185e-03
6.36941075e-01	7.40255490e-02	2.81351223e-03
6.37402117e-01	7.51911849e-02	2.83063808e-03
6.37863159e-01	7.68544823e-02	2.84540537e-03
6.38324261e-01	7.61588514e-02	2.85138842e-03
6.38785303e-01	7.39965737e-02	2.85121356e-03
6.39246345e-01	7.44672567e-02	2.86026951e-03
6.39707386e-01	7.48832971e-02	2.87048379e-03
6.40168428e-01	7.48226121e-02	2.88347644e-03
6.40629530e-01	7.51760826e-02	2.89745978e-03
6.41090572e-01	7.52269998e-02	2.90625612e-03
6.41551614e-01	7.40384683e-02	2.90520093e-03
6.42012656e-01	7.40153939e-02	2.91443593e-03
6.42473698e-01	7.33713061e-02	2.92193377e-03
6.42934799e-01	7.40546733e-02	2.94209132e-03
6.43395841e-01	7.29193389e-02	2.93869292e-03
6.43856883e-01	7.60034099e-02	2.96656229e-03
6.44317925e-01	7.39406720e-02	2.96550593e-03
6.44779027e-01	7.35555738e-02	2.97821010e-03
6.45240068e-01	7.18279183e-02	2.97595304e-03
6.45701110e-01	7.46255368e-02	2.99774134e-03
6.46162152e-01	7.36194476e-02	2.99980841e-03
6.46623194e-01	7.61057362e-02	3.02988500e-03
6.47084296e-01	7.40496591e-02	3.02423630e-03
6.47545338e-01	7.22145289e-02	3.02787637e-03
6.48006380e-01	7.32908025e-02	3.04549746e-03
6.48467422e-01	7.28315711e-02	3.05147353e-03
6.48928463e-01	7.19324499e-02	3.06121516e-03
6.49389565e-01	7.39575773e-02	3.08234734e-03
6.49850607e-01	7.32953995e-02	3.08434619e-03
6.50311649e-01	7.21988752e-02	3.09241703e-03
6.50772691e-01	7.36094490e-02	3.11692222e-03
6.51233733e-01	7.29861185e-02	3.12271155e-03
6.51694834e-01	7.27925673e-02	3.13179614e-03
6.52155876e-01	7.34277815e-02	3.14624165e-03
6.52616918e-01	7.43193030e-02	3.16058611e-03
6.53077960e-01	7.37132058e-02	3.17154126e-03
6.53539002e-01	7.48498440e-02	3.19752516e-03
6.54000103e-01	7.29307756e-02	3.19223921e-03
6.54461145e-01	7.32097849e-02	3.20323254e-03
6.54922187e-01	7.65789747e-02	3.23976623e-03
6.55383229e-01	6.89221174e-02	3.20193870e-03
6.55844331e-01	7.16202110e-02	3.23629868e-03
6.56305373e-01	7.38440380e-02	3.25726345e-03
6.56766415e-01	7.53557608e-02	3.28210113e-03
6.57227457e-01	7.46140555e-02	3.29027884e-03
6.57688498e-01	7.32880309e-02	3.29565024e-03
6.58149600e-01	7.49620646e-02	3.32170655e-03
6.58610642e-01	7.14798719e-02	3.31110391e-03
6.59071684e-01	7.12549239e-02	3.32807750e-03
6.59532726e-01	7.31940940e-02	3.35096335e-03
6.59993768e-01	7.26536736e-02	3.35899927e-03
6.60454869e-01	7.20976889e-02	3.37119587e-03
6.60915911e-01	7.26171285e-02	3.38707445e-03
6.61376953e-01	7.13586435e-02	3.39799258e-03
6.61837995e-01	6.82956949e-02	3.38928471e-03
6.62299037e-01	7.16702491e-02	3.42469057e-03
6.62760139e-01	7.17537627e-02	3.43867461e-03
6.63221180e-01	7.13921189e-02	3.45110567e-03
6.63682222e-01	7.23683089e-02	3.48094548e-03
6.64143264e-01	7.09203184e-02	3.47682834e-03
6.64604366e-01	7.33200461e-02	3.50891100e-03
6.65065408e-01	6.85180873e-02	3.49330902e-03
6.65526450e-01	7.10489228e-02	3.52495769e-03
6.65987492e-01	7.17756152e-02	3.55357979e-03
6.66448534e-01	6.78131580e-02	3.53832985e-03
6.66909635e-01	7.21733198e-02	3.58336093e-03
6.67370677e-01	7.16861784e-02	3.59756825e-03
6.67831719e-01	7.03483969e-02	3.59935197e-03
6.68292761e-01	7.28721917e-02	3.64037231e-03
6.68753803e-01	7.08127767e-02	3.63490498e-03
6.69214904e-01	7.29422718e-02	3.67021002e-03
6.69675946e-01	6.78817481e-02	3.65818059e-03
6.70136988e-01	6.89460486e-02	3.68573191e-03
6.70598030e-01	6.93863481e-02	3.70177766e-03
6.71059072e-01	7.00988919e-02	3.72600369e-03
6.71520174e-01	6.92406669e-02	3.74095654e-03
6.71981215e-01	7.13186637e-02	3.77512909e-03
6.72442257e-01	7.38224685e-02	3.81141831e-03
6.72903299e-01	7.08566606e-02	3.80580919e-03
6.73364401e-01	6.99862465e-02	3.82532133e-03
6.73825443e-01	7.03245848e-02	3.84603930e-03
6.74286485e-01	7.11654872e-02	3.87177942e-03
6.74747527e-01	6.78313822e-02	3.86185129e-03
6.75208569e-01	7.05727935e-02	3.91160743e-03
6.75669670e-01	7.28796571e-02	3.94948758e-03
6.76130712e-01	6.86339512e-02	3.94125190e-03
6.76591754e-01	6.87559992e-02	3.97079624e-03
6.77052796e-01	7.11318403e-02	3.99679411e-03
6.77513838e-01	7.27546811e-02	4.03871853e-03
6.77974939e-01	7.03174248e-02	4.04689042e-03
6.78435981e-01	6.75045401e-02	4.03956929e-03
6.78897023e-01	7.05459043e-02	4.09167958e-03
6.79358065e-01	6.98624104e-02	4.11431771e-03
6.79819107e-01	7.11598620e-02	4.15709522e-03
6.80280209e-01	6.80800229e-02	4.14738152e-03
6.80741251e-01	6.93332851e-02	4.18806775e-03
6.81202292e-01	6.93964660e-02	4.21130843e-03
6.81663334e-01	7.07484856e-02	4.24536783e-03
6.82124376e-01	6.97669834e-02	4.26915521e-03
6.82585478e-01	6.68071955e-02	4.27248422e-03
6.83046520e-01	6.58162832e-02	4.29414166e-03
6.83507562e-01	6.96861371e-02	4.35369043e-03
6.83968604e-01	6.86703026e-02	4.37079091e-03
6.84429705e-01	6.87857196e-02	4.40913113e-03
6.84890747e-01	6.88288659e-02	4.43698931e-03
6.85351789e-01	6.77669570e-02	4.46186168e-03
6.85812831e-01	6.90449700e-02	4.50556260e-03
6.86273873e-01	6.50426298e-02	4.49783634e-03
6.86734974e-01	6.86700195e-02	4.57321992e-03
6.87196016e-01	6.76608682e-02	4.58284747e-03
6.87657058e-01	6.65418655e-02	4.61440114e-03
6.88118100e-01	6.68677017e-02	4.65071574e-03
6.88579142e-01	6.78414479e-02	4.68779216e-03
6.89040244e-01	6.80325180e-02	4.72779432e-03
6.89501286e-01	6.78444058e-02	4.76213824e-03
6.89962327e-01	6.99384958e-02	4.82939091e-03
6.90423369e-01	6.58742189e-02	4.81014140e-03
6.90884411e-01	6.42325282e-02	4.82625421e-03
6.91345513e-01	6.35372326e-02	4.84771188e-03
6.91806555e-01	6.64655194e-02	4.91020503e-03
6.92267597e-01	6.73188195e-02	4.93901270e-03
6.92728639e-01	7.08805174e-02	4.99687530e-03
6.93189740e-01	6.46393746e-02	4.96541429e-03
6.93650782e-01	6.85620308e-02	5.04147168e-03
6.94111824e-01	7.03132823e-02	5.08106779e-03
6.94572866e-01	6.96267486e-02	5.11674024e-03
6.95033908e-01	7.03293160e-02	5.15157497e-03
6.95495009e-01	6.78791031e-02	5.14531974e-03
6.95956051e-01	7.02178776e-02	5.22522535e-03
6.96417093e-01	6.42617941e-02	5.18151373e-03
6.96878135e-01	7.09592625e-02	5.29826293e-03
6.97339177e-01	6.76422864e-02	5.29136322e-03
6.97800279e-01	6.64139241e-02	5.31654758e-03
6.98261321e-01	6.83784634e-02	5.36029693e-03
6.98722363e-01	7.16141239e-02	5.43752406e-03
6.99183404e-01	6.63345754e-02	5.42442128e-03
6.99644446e-01	6.54491633e-02	5.45895565e-03
7.00105548e-01	6.40962794e-02	5.47608081e-03
7.00566590e-01	6.54967874e-02	5.53330779e-03
7.01027632e-01	6.52565584e-02	5.56628313e-03
7.01488674e-01	6.18716665e-02	5.57481265e-03
7.01949775e-01	6.34401292e-02	5.63813373e-03
7.02410817e-01	6.36532754e-02	5.68073895e-03
7.02871859e-01	6.29993528e-02	5.70896221e-03
7.03332901e-01	6.53980225e-02	5.78747829e-03
7.03793943e-01	6.71756715e-02	5.85156260e-03
7.04255044e-01	7.24381804e-02	5.95660228e-03
7.04716086e-01	6.64656386e-02	5.92701510e-03
7.05177128e-01	6.53724000e-02	5.95039781e-03
7.05638170e-01	6.57538623e-02	6.00893237e-03
7.06099212e-01	6.83916062e-02	6.10050978e-03
7.06560314e-01	6.68025166e-02	6.10842882e-03
7.07021356e-01	6.25675097e-02	6.10070862e-03
7.07482398e-01	6.49933070e-02	6.14923332e-03
7.07943439e-01	6.60788268e-02	6.18606014e-03
7.08404481e-01	6.47376627e-02	6.22606138e-03
7.08865583e-01	6.18801229e-02	6.19365927e-03
7.09326625e-01	6.62288442e-02	6.27703825e-03
7.09787667e-01	6.72038198e-02	6.30365312e-03
7.10248709e-01	7.36261159e-02	6.41245395e-03
7.10709751e-01	6.75413013e-02	6.37845835e-03
7.11170852e-01	7.04066753e-02	6.44412125e-03
7.11631894e-01	6.91666156e-02	6.45624334e-03
7.12092936e-01	6.66491762e-02	6.47017825e-03
7.12553978e-01	5.94600067e-02	6.40782621e-03
7.13015079e-01	6.58933669e-02	6.52291346e-03
7.13476121e-01	6.39927834e-02	6.51087891e-03
7.13937163e-01	6.55946732e-02	6.58454234e-03
7.14398205e-01	6.71645403e-02	6.62943255e-03
7.14859247e-01	6.83136135e-02	6.69214735e-03
7.15320349e-01	6.33002743e-02	6.64425641e-03
7.15781391e-01	6.07805327e-02	6.64407155e-03
7.16242433e-01	6.20139129e-02	6.73077768e-03
7.16703475e-01	6.51712418e-02	6.80149999e-03
7.17164516e-01	6.54086545e-02	6.82499632e-03
7.17625618e-01	6.37533888e-02	6.88043982e-03
7.18086660e-01	5.95372915e-02	6.82900241e-03
7.18547702e-01	6.33380562e-02	6.94920775e-03
7.19008744e-01	6.25749975e-02	6.94799144e-03
7.19469786e-01	6.28299564e-02	6.99448446e-03
7.19930887e-01	6.02056459e-02	7.00152153e-03
7.20391929e-01	6.31600842e-02	7.06668664e-03
7.20852971e-01	7.04821721e-02	7.24373851e-03
7.21314013e-01	6.41713664e-02	7.16656214e-03
7.21775115e-01	5.88408001e-02	7.14025367e-03
7.22236156e-01	6.12871349e-02	7.23518291e-03
7.22697198e-01	6.50030598e-02	7.30647612e-03
7.23158240e-01	7.49976635e-02	7.53983110e-03
7.23619282e-01	6.52434230e-02	7.39357248e-03
7.24080384e-01	6.42699748e-02	7.45874783e-03
7.24541426e-01	6.61417842e-02	7.52382586e-03
7.25002468e-01	7.36110210e-02	7.69729540e-03
7.25463510e-01	6.27779216e-02	7.60900835e-03
7.25924551e-01	6.46835491e-02	7.67061394e-03
7.26385653e-01	6.62753135e-02	7.73393596e-03
7.26846695e-01	6.60402328e-02	7.77233671e-03
7.27307737e-01	7.16229975e-02	7.91548099e-03
7.27768779e-01	6.18106425e-02	7.83641450e-03
7.28229821e-01	5.49385548e-02	7.79588986e-03
7.28690922e-01	5.95362782e-02	7.95806386e-03
7.29151964e-01	6.32145405e-02	8.05808976e-03
7.29613006e-01	6.38034940e-02	8.11558776e-03
7.30074048e-01	6.01182356e-02	8.12069699e-03
7.30535090e-01	6.09145984e-02	8.20077863e-03
7.30996192e-01	7.05753937e-02	8.43547285e-03
7.31457233e-01	6.59503937e-02	8.40505492e-03
7.31918275e-01	6.64249212e-02	8.47011153e-03
7.32379317e-01	6.79465085e-02	8.57926812e-03
7.32840419e-01	6.58082217e-02	8.60808976e-03
7.33301461e-01	6.79886639e-02	8.74689315e-03
7.33762503e-01	6.32336587e-02	8.69743340e-03
7.34223545e-01	7.03440905e-02	8.90574418e-03
7.34684587e-01	6.38712719e-02	8.89184698e-03
7.35145688e-01	5.94959557e-02	8.90891254e-03
7.35606730e-01	6.35589063e-02	9.08448920e-03
7.36067772e-01	6.10408187e-02	9.13836621e-03
7.36528814e-01	5.41418009e-02	9.06627253e-03
7.36989856e-01	6.39292598e-02	9.39100608e-03
7.37450957e-01	5.72794192e-02	9.32073966e-03
7.37911999e-01	5.99635243e-02	9.47592873e-03
7.38373041e-01	6.60634413e-02	9.68814082e-03
7.38834083e-01	6.31669462e-02	9.72759351e-03
7.39295125e-01	5.72912879e-02	9.73237865e-03
7.39756227e-01	5.71107082e-02	9.81337391e-03
7.40217268e-01	6.11158833e-02	1.00626666e-02
7.40678310e-01	6.40942454e-02	1.02368463e-02
7.41139352e-01	5.89594357e-02	1.02080340e-02
7.41600454e-01	6.43415675e-02	1.04684662e-02
7.42061496e-01	6.16880134e-02	1.05090356e-02
7.42522538e-01	5.88322170e-02	1.06394691e-02
7.42983580e-01	6.24687895e-02	1.08216908e-02
7.43444622e-01	6.43440410e-02	1.10609364e-02
7.43905723e-01	6.86104745e-02	1.13008106e-02
7.44366765e-01	6.25752583e-02	1.12531018e-02
7.44827807e-01	5.96799366e-02	1.14657208e-02
7.45288849e-01	6.07503168e-02	1.16058458e-02
7.45749891e-01	6.43115789e-02	1.18897371e-02
7.46210992e-01	5.78754358e-02	1.18529452e-02
7.46672034e-01	6.17488213e-02	1.21939350e-02
7.47133076e-01	6.38335943e-02	1.25834020e-02
7.47594118e-01	5.96897416e-02	1.25948340e-02
7.48055160e-01	6.75318465e-02	1.30873602e-02
7.48516262e-01	7.25261420e-02	1.35042546e-02
7.48977304e-01	5.57410493e-02	1.32618397e-02
7.49438345e-01	5.45853972e-02	1.35673713e-02
7.49899387e-01	5.85719869e-02	1.39119951e-02
7.50360489e-01	6.59656376e-02	1.44796520e-02
7.50821531e-01	7.73908198e-02	1.51347322e-02
7.51282573e-01	7.29630366e-02	1.53314741e-02
7.51743615e-01	6.50218278e-02	1.55897718e-02
7.52204657e-01	6.38437495e-02	1.59534700e-02
7.52665758e-01	6.27347678e-02	1.65503826e-02
7.53126800e-01	6.04007058e-02	1.69036053e-02
7.53587842e-01	6.17821626e-02	1.75053645e-02
7.54048884e-01	6.14198856e-02	1.83220617e-02
7.54509926e-01	5.74750677e-02	1.86717696e-02
7.54971027e-01	5.19229770e-02	1.92279201e-02
7.55432069e-01	8.97970051e-02	2.18486600e-02
7.55893111e-01	8.16669539e-02	2.23890971e-02
7.56354153e-01	6.01707175e-02	2.29096878e-02
7.56815195e-01	7.92683512e-02	2.51827985e-02
7.57276297e-01	8.07548612e-02	2.69602835e-02
7.57737339e-01	8.86709690e-02	3.03646959e-02
7.58198380e-01	4.87058870e-02	3.08813993e-02
7.58659422e-01	5.48510328e-02	3.58461067e-02
7.59120464e-01	7.37538636e-02	4.40774783e-02
7.59581566e-01	7.73130506e-02	5.92510775e-02
7.60042608e-01	5.63284084e-02	9.96025428e-02
