q[nm-1]	I(q)[sr-1]_Rocca_10m_eiger2_00014_00_00001_av_ave.h5_00001_[NS14_25C]_trm=0.858035	error
6.67967554e-03	1.79786699e+04	7.27044582e+00
7.14073004e-03	1.43592871e+04	4.19784689e+00
7.60178454e-03	1.12469092e+04	3.16151953e+00
8.06283858e-03	8.84559570e+03	2.51740885e+00
8.52389354e-03	7.05576660e+03	2.07203531e+00
8.98494758e-03	5.76272168e+03	1.75240588e+00
9.44600254e-03	4.70630859e+03	1.49546504e+00
9.90705658e-03	3.87056372e+03	1.28877079e+00
1.03681115e-02	3.22164990e+03	1.12170827e+00
1.08291656e-02	2.72948779e+03	9.95226026e-01
1.12902196e-02	2.28838965e+03	8.77493262e-01
1.17512746e-02	1.94598987e+03	7.80133605e-01
1.22123286e-02	1.66751038e+03	6.99405074e-01
1.26733836e-02	1.42207385e+03	6.26341701e-01
1.31344376e-02	1.23294397e+03	5.67906320e-01
1.35954916e-02	1.07730847e+03	5.17438829e-01
1.40565466e-02	9.39651489e+02	4.71456707e-01
1.45176006e-02	8.23864746e+02	4.30907071e-01
1.49786556e-02	7.25891541e+02	3.94883186e-01
1.54397096e-02	6.42185913e+02	3.63811672e-01
1.59007646e-02	5.70981750e+02	3.36057603e-01
1.63618177e-02	5.08277527e+02	3.10479283e-01
1.68228727e-02	4.56899109e+02	2.89213449e-01
1.72839276e-02	4.12156555e+02	2.69681722e-01
1.77449826e-02	3.70226135e+02	2.51200765e-01
1.82060357e-02	3.33908905e+02	2.31214792e-01
1.86670907e-02	3.01569275e+02	2.09793061e-01
1.91281457e-02	2.73475647e+02	1.93519443e-01
1.95891988e-02	2.49884186e+02	1.81174397e-01
2.00502537e-02	2.28077759e+02	1.71028107e-01
2.05113087e-02	2.08087616e+02	1.61282793e-01
2.09723637e-02	1.90971588e+02	1.52667180e-01
2.14334168e-02	1.75465057e+02	1.44597888e-01
2.18944717e-02	1.61604736e+02	1.37159973e-01
2.23555267e-02	1.49335892e+02	1.30166978e-01
2.28165798e-02	1.38385803e+02	1.23582445e-01
2.32776348e-02	1.28104645e+02	1.17605880e-01
2.37386897e-02	1.18791710e+02	1.12110838e-01
2.41997447e-02	1.10434219e+02	1.06931448e-01
2.46607978e-02	1.02873825e+02	1.02230653e-01
2.51218528e-02	9.58359070e+01	9.77908671e-02
2.55829077e-02	8.95343781e+01	9.35715586e-02
2.60439608e-02	8.38753204e+01	8.97218436e-02
2.65050158e-02	7.85442047e+01	8.60404000e-02
2.69660708e-02	7.36362305e+01	8.25930387e-02
2.74271239e-02	6.91512222e+01	7.93217868e-02
2.78881788e-02	6.49755783e+01	7.62250945e-02
2.83492338e-02	6.14214363e+01	7.35121667e-02
2.88102888e-02	5.80458870e+01	7.08418638e-02
2.92713419e-02	5.47107658e+01	6.82422966e-02
2.97323968e-02	5.16772957e+01	6.58045858e-02
3.01934518e-02	4.90440140e+01	6.35767579e-02
3.06545049e-02	4.68159943e+01	6.20370097e-02
3.11155599e-02	4.43937912e+01	6.12040274e-02
3.15766148e-02	4.22954788e+01	6.01208434e-02
3.20376679e-02	4.04550018e+01	5.89823239e-02
3.24987248e-02	3.85379677e+01	5.75760417e-02
3.29597779e-02	3.69651566e+01	5.64607680e-02
3.34208310e-02	3.52955551e+01	5.51478341e-02
3.38818878e-02	3.39359627e+01	5.40194809e-02
3.43429409e-02	3.25272675e+01	5.28106093e-02
3.48039940e-02	3.12399082e+01	5.17441034e-02
3.52650508e-02	2.99778252e+01	5.05477898e-02
3.57261039e-02	2.89738007e+01	4.96335588e-02
3.61871570e-02	2.79649906e+01	4.86834124e-02
3.66482139e-02	2.71348686e+01	4.78294566e-02
3.71092670e-02	2.61776981e+01	4.68623489e-02
3.75703238e-02	2.53683319e+01	4.60618436e-02
3.80313769e-02	2.46108971e+01	4.53009754e-02
3.84924300e-02	2.38862762e+01	4.44910675e-02
3.89534868e-02	2.33045959e+01	4.38255928e-02
3.94145399e-02	2.27259407e+01	4.31684256e-02
3.98755930e-02	2.22188931e+01	4.25904654e-02
4.03366499e-02	2.17145119e+01	4.19798642e-02
4.07977030e-02	2.12621956e+01	4.14326303e-02
4.12587561e-02	2.08008022e+01	4.08312902e-02
4.17198129e-02	2.04633675e+01	4.03971449e-02
4.21808660e-02	2.01265297e+01	3.99280116e-02
4.26419191e-02	1.98756599e+01	3.95633690e-02
4.31029759e-02	1.96012878e+01	3.91837843e-02
4.35640290e-02	1.93906250e+01	3.88503037e-02
4.40250821e-02	1.92256737e+01	3.85690071e-02
4.44861390e-02	1.90524826e+01	3.82748693e-02
4.49471921e-02	1.89092579e+01	3.80069986e-02
4.54082489e-02	1.88535919e+01	3.78457084e-02
4.58693020e-02	1.87771797e+01	3.76314446e-02
4.63303551e-02	1.87546711e+01	3.75110991e-02
4.67914119e-02	1.87705956e+01	3.74125578e-02
4.72524650e-02	1.88054695e+01	3.73191163e-02
4.77135181e-02	1.88020973e+01	3.71801816e-02
4.81745750e-02	1.88677139e+01	3.71109843e-02
4.86356281e-02	1.89795551e+01	3.64401080e-02
4.90966812e-02	1.91294556e+01	3.58324014e-02
4.95577380e-02	1.92330685e+01	3.54281515e-02
5.00187911e-02	1.93887157e+01	3.51567380e-02
5.04798442e-02	1.95779381e+01	3.54889333e-02
5.09409010e-02	1.97233219e+01	3.59322205e-02
5.14019541e-02	1.99260750e+01	3.61504108e-02
5.18630110e-02	2.01720390e+01	3.63616683e-02
5.23240641e-02	2.05024624e+01	3.66450176e-02
5.27851172e-02	2.08578014e+01	3.68908048e-02
5.32461740e-02	2.12296028e+01	3.71503942e-02
5.37072271e-02	2.15045967e+01	3.72861363e-02
5.41682802e-02	2.18884964e+01	3.75501923e-02
5.46293370e-02	2.23126640e+01	3.78205068e-02
5.50903901e-02	2.27659149e+01	3.81179526e-02
5.55514432e-02	2.30908718e+01	3.82596031e-02
5.60125001e-02	2.34942131e+01	3.79349478e-02
5.64735532e-02	2.38736973e+01	3.74288671e-02
5.69346063e-02	2.44243584e+01	3.73797566e-02
5.73956631e-02	2.48425541e+01	3.72677818e-02
5.78567162e-02	2.54273796e+01	3.73441242e-02
5.83177693e-02	2.58928776e+01	3.73246558e-02
5.87788261e-02	2.63390846e+01	3.73671725e-02
5.92398793e-02	2.68205204e+01	3.73913720e-02
5.97009361e-02	2.73429527e+01	3.73893939e-02
6.01619892e-02	2.79207916e+01	3.74801382e-02
6.06230423e-02	2.83678246e+01	3.74667719e-02
6.10840991e-02	2.89042168e+01	3.74958068e-02
6.15451522e-02	2.95213413e+01	3.75989377e-02
6.20062053e-02	3.00408745e+01	3.76571603e-02
6.24672621e-02	3.04732056e+01	3.76409739e-02
6.29283190e-02	3.10172367e+01	3.77152823e-02
6.33893684e-02	3.14229431e+01	3.77018042e-02
6.38504252e-02	3.18288422e+01	3.76927033e-02
6.43114820e-02	3.23249588e+01	3.78035195e-02
6.47725314e-02	3.26553688e+01	3.77828330e-02
6.52335882e-02	3.30572662e+01	3.78377922e-02
6.56946450e-02	3.35271072e+01	3.79469395e-02
6.61556944e-02	3.38254509e+01	3.78908627e-02
6.66167513e-02	3.41058083e+01	3.78661193e-02
6.70778081e-02	3.44442139e+01	3.78935076e-02
6.75388575e-02	3.46673965e+01	3.78068648e-02
6.79999143e-02	3.48896980e+01	3.77598554e-02
6.84609711e-02	3.49508667e+01	3.76159586e-02
6.89220205e-02	3.50492401e+01	3.74956168e-02
6.93830773e-02	3.51930923e+01	3.74193080e-02
6.98441342e-02	3.52611275e+01	3.72931436e-02
7.03051835e-02	3.52001534e+01	3.71411592e-02
7.07662404e-02	3.51636276e+01	3.70166413e-02
7.12272972e-02	3.50325012e+01	3.68261151e-02
7.16883466e-02	3.49020081e+01	3.66572775e-02
7.21494034e-02	3.47430954e+01	3.64612006e-02
7.26104602e-02	3.45905457e+01	3.62723842e-02
7.30715096e-02	3.43335609e+01	3.60139683e-02
7.35325664e-02	3.40511589e+01	3.57901677e-02
7.39936233e-02	3.36391678e+01	3.54628414e-02
7.44546726e-02	3.31523323e+01	3.50644514e-02
7.49157295e-02	3.27289238e+01	3.47037874e-02
7.53767863e-02	3.23449707e+01	3.43636423e-02
7.58378357e-02	3.18477211e+01	3.39812413e-02
7.62988925e-02	3.11598930e+01	3.34706567e-02
7.67599493e-02	3.06585808e+01	3.30860466e-02
7.72210062e-02	3.01082878e+01	3.26836742e-02
7.76820555e-02	2.94760323e+01	3.22122499e-02
7.81431124e-02	2.88707371e+01	3.17593440e-02
7.86041692e-02	2.82721767e+01	3.13508436e-02
7.90652186e-02	2.75517845e+01	3.08450349e-02
7.95262754e-02	2.67584953e+01	3.02879903e-02
7.99873322e-02	2.60746002e+01	2.98103206e-02
8.04483816e-02	2.52957973e+01	2.92518642e-02
8.09094384e-02	2.46420021e+01	2.87890695e-02
8.13704953e-02	2.39346924e+01	2.82751136e-02
8.18315446e-02	2.31763954e+01	2.77385861e-02
8.22926015e-02	2.23874054e+01	2.71702074e-02
8.27536583e-02	2.16784115e+01	2.66707391e-02
8.32147077e-02	2.09477806e+01	2.61239447e-02
8.36757645e-02	2.02392006e+01	2.56021712e-02
8.41368213e-02	1.94803963e+01	2.50526033e-02
8.45978707e-02	1.87628059e+01	2.45126393e-02
8.50589275e-02	1.80699539e+01	2.39808299e-02
8.55199844e-02	1.73892765e+01	2.34516356e-02
8.59810337e-02	1.67263832e+01	2.29373239e-02
8.64420906e-02	1.60574284e+01	2.24114992e-02
8.69031474e-02	1.54245701e+01	2.19107326e-02
8.73641968e-02	1.47825804e+01	2.13961825e-02
8.78252536e-02	1.42082653e+01	2.09242404e-02
8.82863104e-02	1.36108904e+01	2.04188991e-02
8.87473598e-02	1.30648098e+01	1.99612491e-02
8.92084166e-02	1.25212440e+01	1.94820371e-02
8.96694735e-02	1.20334454e+01	1.90543998e-02
9.01305228e-02	1.15290394e+01	1.86000243e-02
9.05915797e-02	1.10342712e+01	1.81605257e-02
9.10526365e-02	1.05849552e+01	1.77489575e-02
9.15136859e-02	1.01282549e+01	1.73158012e-02
9.19747427e-02	9.71146393e+00	1.69169027e-02
9.24357995e-02	9.33082581e+00	1.65495463e-02
9.28968564e-02	8.91391182e+00	1.61358602e-02
9.33579057e-02	8.53359890e+00	1.57626513e-02
9.38189626e-02	8.18984127e+00	1.53997364e-02
9.42800194e-02	7.87147760e+00	1.50621105e-02
9.47410688e-02	7.57178497e+00	1.47532821e-02
9.52021256e-02	7.26268673e+00	1.44208763e-02
9.56631824e-02	6.97363758e+00	1.40945893e-02
9.61242318e-02	6.71647644e+00	1.37962895e-02
9.65852886e-02	6.45930481e+00	1.35196745e-02
9.70463455e-02	6.20313883e+00	1.32234944e-02
9.75073949e-02	5.98004293e+00	1.29551841e-02
9.79684517e-02	5.76321983e+00	1.26951905e-02
9.84295085e-02	5.54679203e+00	1.24226566e-02
9.88905579e-02	5.34587336e+00	1.21834911e-02
9.93516147e-02	5.13863754e+00	1.19270775e-02
9.98126715e-02	4.97250271e+00	1.17101688e-02
1.00273721e-01	4.82007647e+00	1.15096476e-02
1.00734778e-01	4.64972878e+00	1.12740239e-02
1.01195835e-01	4.51794624e+00	1.11034829e-02
1.01656884e-01	4.37124205e+00	1.08992476e-02
1.02117941e-01	4.25153446e+00	1.07332952e-02
1.02578998e-01	4.09899330e+00	1.05197178e-02
1.03040047e-01	3.98845100e+00	1.03670005e-02
1.03501104e-01	3.86779356e+00	1.01881493e-02
1.03962161e-01	3.74738622e+00	1.00099323e-02
1.04423210e-01	3.64324689e+00	9.85529367e-03
1.04884267e-01	3.55153894e+00	9.71623324e-03
1.05345324e-01	3.46886826e+00	9.58945043e-03
1.05806373e-01	3.36515999e+00	9.42339655e-03
1.06267430e-01	3.27684903e+00	9.28602833e-03
1.06728487e-01	3.21355200e+00	9.19092353e-03
1.07189544e-01	3.14349198e+00	9.07663163e-03
1.07650593e-01	3.06170535e+00	8.94021709e-03
1.08111650e-01	2.99312377e+00	8.82594846e-03
1.08572707e-01	2.92598391e+00	8.71760212e-03
1.09033756e-01	2.84780502e+00	8.58508330e-03
1.09494813e-01	2.77786684e+00	8.46150145e-03
1.09955870e-01	2.72493482e+00	8.36406741e-03
1.10416919e-01	2.68095255e+00	8.28877743e-03
1.10877976e-01	2.62622333e+00	8.18816759e-03
1.11339033e-01	2.57989955e+00	8.10023583e-03
1.11800082e-01	2.51846170e+00	7.98687898e-03
1.12261139e-01	2.47793913e+00	7.91720580e-03
1.12722196e-01	2.44918799e+00	7.85881840e-03
1.13183245e-01	2.39900208e+00	7.75757199e-03
1.13644302e-01	2.34756589e+00	7.66112283e-03
1.14105359e-01	2.30357027e+00	7.58102443e-03
1.14566408e-01	2.25832224e+00	7.49010593e-03
1.15027465e-01	2.22933960e+00	7.42997136e-03
1.15488522e-01	2.18946743e+00	7.35479966e-03
1.15949571e-01	2.15523291e+00	7.28842616e-03
1.16410628e-01	2.12617040e+00	7.22678239e-03
1.16871685e-01	2.09092641e+00	7.15387100e-03
1.17332734e-01	2.06536245e+00	7.09773693e-03
1.17793791e-01	2.04131746e+00	7.04240659e-03
1.18254848e-01	2.00146723e+00	6.96965773e-03
1.18715897e-01	1.96386981e+00	6.89957943e-03
1.19176954e-01	1.93629837e+00	6.83667418e-03
1.19638011e-01	1.91033590e+00	6.77471841e-03
1.20099060e-01	1.89574504e+00	6.73961546e-03
1.20560117e-01	1.87316477e+00	6.69197366e-03
1.21021174e-01	1.83900952e+00	6.61919406e-03
1.21482231e-01	1.81811023e+00	6.57409709e-03
1.21943280e-01	1.79092181e+00	6.51380653e-03
1.22404337e-01	1.76413500e+00	6.45500142e-03
1.22865394e-01	1.74959946e+00	6.42621284e-03
1.23326443e-01	1.73467124e+00	6.39221724e-03
1.23787500e-01	1.69887757e+00	6.31442945e-03
1.24248557e-01	1.68500173e+00	6.28382806e-03
1.24709606e-01	1.65691352e+00	6.20920071e-03
1.25170663e-01	1.65049052e+00	6.19776407e-03
1.25631720e-01	1.62223661e+00	6.13062177e-03
1.26092777e-01	1.60756683e+00	6.09423406e-03
1.26553819e-01	1.59939361e+00	6.07591588e-03
1.27014875e-01	1.56451941e+00	5.99395810e-03
1.27475932e-01	1.54119968e+00	5.94492909e-03
1.27936989e-01	1.52878308e+00	5.91674075e-03
1.28398046e-01	1.52025390e+00	5.89521509e-03
1.28859103e-01	1.49955153e+00	5.84160630e-03
1.29320160e-01	1.48079407e+00	5.79115842e-03
1.29781201e-01	1.47133899e+00	5.76731283e-03
1.30242258e-01	1.45366299e+00	5.72756445e-03
1.30703315e-01	1.43178284e+00	5.67614427e-03
1.31164372e-01	1.42306459e+00	5.65234851e-03
1.31625429e-01	1.41384363e+00	5.62508916e-03
1.32086486e-01	1.39610600e+00	5.58572914e-03
1.32547528e-01	1.37897515e+00	5.54430019e-03
1.33008584e-01	1.36666727e+00	5.50854113e-03
1.33469641e-01	1.35730004e+00	5.48333209e-03
1.33930698e-01	1.34884238e+00	5.46491705e-03
1.34391755e-01	1.32230222e+00	5.40305534e-03
1.34852812e-01	1.31736588e+00	5.38530294e-03
1.35313854e-01	1.30793130e+00	5.35673043e-03
1.35774910e-01	1.28897440e+00	5.30951377e-03
1.36235967e-01	1.28292382e+00	5.29560726e-03
1.36697024e-01	1.26155317e+00	5.24694938e-03
1.37158081e-01	1.24999261e+00	5.21756196e-03
1.37619138e-01	1.23921096e+00	5.18848980e-03
1.38080180e-01	1.23378444e+00	5.17219584e-03
1.38541237e-01	1.21464813e+00	5.12546254e-03
1.39002293e-01	1.21018064e+00	5.11214044e-03
1.39463350e-01	1.19902599e+00	5.07739978e-03
1.39924407e-01	1.18779874e+00	5.05549461e-03
1.40385464e-01	1.17815447e+00	5.02365222e-03
1.40846506e-01	1.17322958e+00	5.00659179e-03
1.41307563e-01	1.16136193e+00	4.98216972e-03
1.41768619e-01	1.14474654e+00	4.93920781e-03
1.42229676e-01	1.13732219e+00	4.91958298e-03
1.42690733e-01	1.13295341e+00	4.90842061e-03
1.43151790e-01	1.11924398e+00	4.87241894e-03
1.43612847e-01	1.11757195e+00	4.86708526e-03
1.44073889e-01	1.10741115e+00	4.83458582e-03
1.44534945e-01	1.09900069e+00	4.81188251e-03
1.44996002e-01	1.09105825e+00	4.79079131e-03
1.45457059e-01	1.07929003e+00	4.75775357e-03
1.45918116e-01	1.06977844e+00	4.73425211e-03
1.46379173e-01	1.06003606e+00	4.70917858e-03
1.46840215e-01	1.05216336e+00	4.68773674e-03
1.47301272e-01	1.04765606e+00	4.67424747e-03
1.47762328e-01	1.03967988e+00	4.65287734e-03
1.48223385e-01	1.03502202e+00	4.63694008e-03
1.48684442e-01	1.02980232e+00	4.62177303e-03
1.49145499e-01	1.01528716e+00	4.58421605e-03
1.49606541e-01	1.01282597e+00	4.57593892e-03
1.50067598e-01	1.00283837e+00	4.55324352e-03
1.50528654e-01	9.92379010e-01	4.52855323e-03
1.50989711e-01	9.89350140e-01	4.51257080e-03
1.51450768e-01	9.85989571e-01	4.50127060e-03
1.51911825e-01	9.74544704e-01	4.46912739e-03
1.52372867e-01	9.76878941e-01	4.47194604e-03
1.52833924e-01	9.74287868e-01	4.46019182e-03
1.53294981e-01	9.65205193e-01	4.43297019e-03
1.53756037e-01	9.52728927e-01	4.40501701e-03
1.54217094e-01	9.45547104e-01	4.38529113e-03
1.54678151e-01	9.49251533e-01	4.39080689e-03
1.55139193e-01	9.36283290e-01	4.34977096e-03
1.55600250e-01	9.35101330e-01	4.34557814e-03
1.56061307e-01	9.25875962e-01	4.32311790e-03
1.56522363e-01	9.22416091e-01	4.31467965e-03
1.56983420e-01	9.17050719e-01	4.29451372e-03
1.57444477e-01	9.21722770e-01	4.30065999e-03
1.57905519e-01	9.08762336e-01	4.26972378e-03
1.58366576e-01	8.96643758e-01	4.23962157e-03
1.58827633e-01	8.91261935e-01	4.22209268e-03
1.59288689e-01	8.89671445e-01	4.21562884e-03
1.59749746e-01	8.85612190e-01	4.20343969e-03
1.60210803e-01	8.80292296e-01	4.18847566e-03
1.60671860e-01	8.75761509e-01	4.17470699e-03
1.61132902e-01	8.68183017e-01	4.15223977e-03
1.61593959e-01	8.68773341e-01	4.14887909e-03
1.62055016e-01	8.68995190e-01	4.14527347e-03
1.62516072e-01	8.61462891e-01	4.12399787e-03
1.62977129e-01	8.56198311e-01	4.10648389e-03
1.63438186e-01	8.47982764e-01	4.07923292e-03
1.63899228e-01	8.54906201e-01	4.09502583e-03
1.64360285e-01	8.46958637e-01	4.06978000e-03
1.64821342e-01	8.38813007e-01	4.05096589e-03
1.65282398e-01	8.34895134e-01	4.03837953e-03
1.65743455e-01	8.36392105e-01	4.03200928e-03
1.66204512e-01	8.31720173e-01	4.01816424e-03
1.66665554e-01	8.27792048e-01	4.00524447e-03
1.67126611e-01	8.29434216e-01	4.00316343e-03
1.67587668e-01	8.23679566e-01	3.98549391e-03
1.68048725e-01	8.17890048e-01	3.96791939e-03
1.68509781e-01	8.15890789e-01	3.95568507e-03
1.68970838e-01	8.14328074e-01	3.94905824e-03
1.69431880e-01	8.04084420e-01	3.92309669e-03
1.69892937e-01	8.02263856e-01	3.91538860e-03
1.70353994e-01	7.97264338e-01	3.90012423e-03
1.70815051e-01	7.91739464e-01	3.88703798e-03
1.71276107e-01	7.88239241e-01	3.87268187e-03
1.71737164e-01	7.89191365e-01	3.87029536e-03
1.72198206e-01	7.84747720e-01	3.85380234e-03
1.72659263e-01	7.90993631e-01	3.86028411e-03
1.73120320e-01	7.90875554e-01	3.85340420e-03
1.73581377e-01	7.81072438e-01	3.82681191e-03
1.74042434e-01	7.77381063e-01	3.81514058e-03
1.74503490e-01	7.70623744e-01	3.79508105e-03
1.74964547e-01	7.71439195e-01	3.79252876e-03
1.75425589e-01	7.72538006e-01	3.78501648e-03
1.75886646e-01	7.72720516e-01	3.78070725e-03
1.76347703e-01	7.64406800e-01	3.75894271e-03
1.76808760e-01	7.61705756e-01	3.74709675e-03
1.77269816e-01	7.61945009e-01	3.74514656e-03
1.77730873e-01	7.51691699e-01	3.71551188e-03
1.78191915e-01	7.56479323e-01	3.72503325e-03
1.78652972e-01	7.55865216e-01	3.71623482e-03
1.79114029e-01	7.49525070e-01	3.69682489e-03
1.79575086e-01	7.44076729e-01	3.67971137e-03
1.80036142e-01	7.42462933e-01	3.67132016e-03
1.80497199e-01	7.41999328e-01	3.66892898e-03
1.80958241e-01	7.40252137e-01	3.65990819e-03
1.81419298e-01	7.37256408e-01	3.65007599e-03
1.81880355e-01	7.34759152e-01	3.64125147e-03
1.82341412e-01	7.33505905e-01	3.63273104e-03
1.82802469e-01	7.31715500e-01	3.62259848e-03
1.83263525e-01	7.32657433e-01	3.62054189e-03
1.83724567e-01	7.24071443e-01	3.59455612e-03
1.84185624e-01	7.24848866e-01	3.59418429e-03
1.84646681e-01	7.20386863e-01	3.57779372e-03
1.85107738e-01	7.22732246e-01	3.58132692e-03
1.85568795e-01	7.14266598e-01	3.55594303e-03
1.86029851e-01	7.11377263e-01	3.54706729e-03
1.86490893e-01	7.13159204e-01	3.54728429e-03
1.86951950e-01	7.08192289e-01	3.53295286e-03
1.87413007e-01	7.04921603e-01	3.52003495e-03
1.87874064e-01	7.05359936e-01	3.51829012e-03
1.88335121e-01	7.05989957e-01	3.51232220e-03
1.88796178e-01	6.99413121e-01	3.49196536e-03
1.89257234e-01	7.02110171e-01	3.49801173e-03
1.89718276e-01	6.99928522e-01	3.48544912e-03
1.90179333e-01	6.99109554e-01	3.48279695e-03
1.90640390e-01	6.94430411e-01	3.46726319e-03
1.91101447e-01	6.92976832e-01	3.45986150e-03
1.91562504e-01	6.86497808e-01	3.43749672e-03
1.92023560e-01	6.88698709e-01	3.44027905e-03
1.92484602e-01	6.84410751e-01	3.42859281e-03
1.92945659e-01	6.83772445e-01	3.42316693e-03
1.93406716e-01	6.80319607e-01	3.40849347e-03
1.93867773e-01	6.79385781e-01	3.40525992e-03
1.94328830e-01	6.80243075e-01	3.40199354e-03
1.94789886e-01	6.76217139e-01	3.39242816e-03
1.95250928e-01	6.74266994e-01	3.38671496e-03
1.95711985e-01	6.72588766e-01	3.37558729e-03
1.96173042e-01	6.72245026e-01	3.37132555e-03
1.96634099e-01	6.69543207e-01	3.35958553e-03
1.97095156e-01	6.67184591e-01	3.35593568e-03
1.97556213e-01	6.59350097e-01	3.33346846e-03
1.98017254e-01	6.56785786e-01	3.32227862e-03
1.98478311e-01	6.59998596e-01	3.32872337e-03
1.98939368e-01	6.54267669e-01	3.30978702e-03
1.99400425e-01	6.55501366e-01	3.31154512e-03
1.99861482e-01	6.55189276e-01	3.30726127e-03
2.00322539e-01	6.53048337e-01	3.29764234e-03
2.00783581e-01	6.55029953e-01	3.29711474e-03
2.01244637e-01	6.52891219e-01	3.29119596e-03
2.01705694e-01	6.47004962e-01	3.27550014e-03
2.02166751e-01	6.47285104e-01	3.27282702e-03
2.02627808e-01	6.40834332e-01	3.25527415e-03
2.03088865e-01	6.40271604e-01	3.25237657e-03
2.03549922e-01	6.38441145e-01	3.24220513e-03
2.04010963e-01	6.39447689e-01	3.24150291e-03
2.04472020e-01	6.35972619e-01	3.23267793e-03
2.04933077e-01	6.33135200e-01	3.22406925e-03
2.05394134e-01	6.32406414e-01	3.21848644e-03
2.05855191e-01	6.31444693e-01	3.21213529e-03
2.06316248e-01	6.37560785e-01	3.22439848e-03
2.06777290e-01	6.33415222e-01	3.21143190e-03
2.07238346e-01	6.26432538e-01	3.21230409e-03
2.07699403e-01	6.23831928e-01	3.23035009e-03
2.08160460e-01	6.22497618e-01	3.23844096e-03
2.08621517e-01	6.20858014e-01	3.24410526e-03
2.09082574e-01	6.20274305e-01	3.25003755e-03
2.09543616e-01	6.12675428e-01	3.23919090e-03
2.10004672e-01	6.17129922e-01	3.25790094e-03
2.10465729e-01	6.10822678e-01	3.24420398e-03
2.10926786e-01	6.08841240e-01	3.24633392e-03
2.11387843e-01	6.09223068e-01	3.25123291e-03
2.11848900e-01	6.09916151e-01	3.25438799e-03
2.12309942e-01	6.07061744e-01	3.25031066e-03
2.12770998e-01	6.05275631e-01	3.24936840e-03
2.13232055e-01	6.05536461e-01	3.25328251e-03
2.13693112e-01	6.02768183e-01	3.24826129e-03
2.14154169e-01	6.02308631e-01	3.24721192e-03
2.14615226e-01	5.99404395e-01	3.23765399e-03
2.15076268e-01	5.95494986e-01	3.23226792e-03
2.15537325e-01	5.89214146e-01	3.22204968e-03
2.15998381e-01	5.93376040e-01	3.23260901e-03
2.16459438e-01	5.91455877e-01	3.22527136e-03
2.16920495e-01	5.93078792e-01	3.23188538e-03
2.17381552e-01	5.87850034e-01	3.22153536e-03
2.17842609e-01	5.85249841e-01	3.21858330e-03
2.18303651e-01	5.82710326e-01	3.21449852e-03
2.18764707e-01	5.79194665e-01	3.20555875e-03
2.19225764e-01	5.84626913e-01	3.22123361e-03
2.19686821e-01	5.79468846e-01	3.20968917e-03
2.20147878e-01	5.75636387e-01	3.20150657e-03
2.20608935e-01	5.75802684e-01	3.20157362e-03
2.21069977e-01	5.74241817e-01	3.19899130e-03
2.21531034e-01	5.79176426e-01	3.21286405e-03
2.21992090e-01	5.70674598e-01	3.19095701e-03
2.22453147e-01	5.69431245e-01	3.19042173e-03
2.22914204e-01	5.66626906e-01	3.18343565e-03
2.23375261e-01	5.64658403e-01	3.17965215e-03
2.23836303e-01	5.64117968e-01	3.17983562e-03
2.24297360e-01	5.58526158e-01	3.16579640e-03
2.24758416e-01	5.59990942e-01	3.15868226e-03
2.25219473e-01	5.63315272e-01	3.14350845e-03
2.25680530e-01	5.57564974e-01	3.11063579e-03
2.26141587e-01	5.59357941e-01	3.10226763e-03
2.26602629e-01	5.58034599e-01	3.08883516e-03
2.27063686e-01	5.54968119e-01	3.07843648e-03
2.27524742e-01	5.49055815e-01	3.05660022e-03
2.27985799e-01	5.49013495e-01	3.04816943e-03
2.28446856e-01	5.43548822e-01	3.02956137e-03
2.28907913e-01	5.40488005e-01	3.01649282e-03
2.29368955e-01	5.43604434e-01	3.01978411e-03
2.29830012e-01	5.40161490e-01	3.00434791e-03
2.30291069e-01	5.38242519e-01	2.99676624e-03
2.30752125e-01	5.37139773e-01	2.99026445e-03
2.31213182e-01	5.30481100e-01	2.97186989e-03
2.31674239e-01	5.32525241e-01	2.97655421e-03
2.32135296e-01	5.27091265e-01	2.95678410e-03
2.32596338e-01	5.25706887e-01	2.94898520e-03
2.33057395e-01	5.26322186e-01	2.94626900e-03
2.33518451e-01	5.22629797e-01	2.93366285e-03
2.33979508e-01	5.20641148e-01	2.92417104e-03
2.34440565e-01	5.22775292e-01	2.92345788e-03
2.34901622e-01	5.23456633e-01	2.92083761e-03
2.35362664e-01	5.16206741e-01	2.90024164e-03
2.35823721e-01	5.15919209e-01	2.89655593e-03
2.36284778e-01	5.14413416e-01	2.88876798e-03
2.36745834e-01	5.10979474e-01	2.87693832e-03
2.37206891e-01	5.10633111e-01	2.87239603e-03
2.37667948e-01	5.08811295e-01	2.86387466e-03
2.38128990e-01	5.08569539e-01	2.85946717e-03
2.38590047e-01	5.07627010e-01	2.85381544e-03
2.39051104e-01	5.06886363e-01	2.84865336e-03
2.39512160e-01	5.06706834e-01	2.84346519e-03
2.39973217e-01	5.01741767e-01	2.82823411e-03
2.40434274e-01	4.97014999e-01	2.81536905e-03
2.40895316e-01	4.97895718e-01	2.81379954e-03
2.41356373e-01	4.97680277e-01	2.81189429e-03
2.41817430e-01	4.93039280e-01	2.79897358e-03
2.42278486e-01	4.90254790e-01	2.78908247e-03
2.42739543e-01	4.88970220e-01	2.78100441e-03
2.43200600e-01	4.90635544e-01	2.78011058e-03
2.43661642e-01	4.85651642e-01	2.76469649e-03
2.44122699e-01	4.85002756e-01	2.76351208e-03
2.44583756e-01	4.84679639e-01	2.75809434e-03
2.45044813e-01	4.84707415e-01	2.75362469e-03
2.45505869e-01	4.83962059e-01	2.74989102e-03
2.45966926e-01	4.76822555e-01	2.73022824e-03
2.46427983e-01	4.75381225e-01	2.72671529e-03
2.46889025e-01	4.75204885e-01	2.72224704e-03
2.47350082e-01	4.72733587e-01	2.71184649e-03
2.47811139e-01	4.74868387e-01	2.71786703e-03
2.48272195e-01	4.71736044e-01	2.70510232e-03
2.48733252e-01	4.73195314e-01	2.70356657e-03
2.49194309e-01	4.70391840e-01	2.69421726e-03
2.49655351e-01	4.61520106e-01	2.67231371e-03
2.50116408e-01	4.63878006e-01	2.67596124e-03
2.50577480e-01	4.65422004e-01	2.67741620e-03
2.51038522e-01	4.60936159e-01	2.66274903e-03
2.51499563e-01	4.61271673e-01	2.65940628e-03
2.51960635e-01	4.60056782e-01	2.65501952e-03
2.52421677e-01	4.57343191e-01	2.64686928e-03
2.52882749e-01	4.53904629e-01	2.63678422e-03
2.53343791e-01	4.51073796e-01	2.62882584e-03
2.53804833e-01	4.49338198e-01	2.62349891e-03
2.54265904e-01	4.45200056e-01	2.61161756e-03
2.54726946e-01	4.46895033e-01	2.61217053e-03
2.55188018e-01	4.49008524e-01	2.61252001e-03
2.55649060e-01	4.42893684e-01	2.59365560e-03
2.56110132e-01	4.45812613e-01	2.60080607e-03
2.56571174e-01	4.44151819e-01	2.59476318e-03
2.57032216e-01	4.36887324e-01	2.57454906e-03
2.57493287e-01	4.38464463e-01	2.57585547e-03
2.57954329e-01	4.40992504e-01	2.57863617e-03
2.58415401e-01	4.38222885e-01	2.57245079e-03
2.58876443e-01	4.33762014e-01	2.55938387e-03
2.59337485e-01	4.32892382e-01	2.55586253e-03
2.59798557e-01	4.29981291e-01	2.54658656e-03
2.60259598e-01	4.31844890e-01	2.54825689e-03
2.60720670e-01	4.30409431e-01	2.54361099e-03
2.61181712e-01	4.26943928e-01	2.53465353e-03
2.61642784e-01	4.25663143e-01	2.52779922e-03
2.62103826e-01	4.27144378e-01	2.52816314e-03
2.62564868e-01	4.24266279e-01	2.52141757e-03
2.63025939e-01	4.19044107e-01	2.50676787e-03
2.63486981e-01	4.22569185e-01	2.51310482e-03
2.63948053e-01	4.24297720e-01	2.51333229e-03
2.64409095e-01	4.20024008e-01	2.50143884e-03
2.64870167e-01	4.18159008e-01	2.49637896e-03
2.65331209e-01	4.16314185e-01	2.49027601e-03
2.65792251e-01	4.12911952e-01	2.48275977e-03
2.66253322e-01	4.10071909e-01	2.47357367e-03
2.66714364e-01	4.11478907e-01	2.47449777e-03
2.67175436e-01	4.12842423e-01	2.47635297e-03
2.67636478e-01	4.09598410e-01	2.46462552e-03
2.68097520e-01	4.10577118e-01	2.46591726e-03
2.68558592e-01	4.11242396e-01	2.46728119e-03
2.69019634e-01	4.07173872e-01	2.45580752e-03
2.69480705e-01	4.02250201e-01	2.44147656e-03
2.69941747e-01	4.05109227e-01	2.44897953e-03
2.70402819e-01	4.03098971e-01	2.44178507e-03
2.70863861e-01	4.03297275e-01	2.43865955e-03
2.71324903e-01	4.02312845e-01	2.43536592e-03
2.71785975e-01	3.97509992e-01	2.42459890e-03
2.72247016e-01	3.95081848e-01	2.41782400e-03
2.72708088e-01	3.94719362e-01	2.41563143e-03
2.73169130e-01	3.93613428e-01	2.40989076e-03
2.73630172e-01	3.92428190e-01	2.40731519e-03
2.74091244e-01	3.87829751e-01	2.39581941e-03
2.74552286e-01	3.89097631e-01	2.39697262e-03
2.75013357e-01	3.89403403e-01	2.39654467e-03
2.75474399e-01	3.86231750e-01	2.38656253e-03
2.75935471e-01	3.85362983e-01	2.38259230e-03
2.76396513e-01	3.87662590e-01	2.38726777e-03
2.76857555e-01	3.84315640e-01	2.37727677e-03
2.77318627e-01	3.83249223e-01	2.37430958e-03
2.77779669e-01	3.80040020e-01	2.36329483e-03
2.78240740e-01	3.80494475e-01	2.36418610e-03
2.78701782e-01	3.82022679e-01	2.36691325e-03
2.79162854e-01	3.79927814e-01	2.35785684e-03
2.79623896e-01	3.80160302e-01	2.35876162e-03
2.80084938e-01	3.74428689e-01	2.34506303e-03
2.80546010e-01	3.76411259e-01	2.34745536e-03
2.81007051e-01	3.77599835e-01	2.34720181e-03
2.81468123e-01	3.74610484e-01	2.33815168e-03
2.81929165e-01	3.73982191e-01	2.33572000e-03
2.82390207e-01	3.72662038e-01	2.33355723e-03
2.82851279e-01	3.71621102e-01	2.32993229e-03
2.83312321e-01	3.67546946e-01	2.31710565e-03
2.83773392e-01	3.66427600e-01	2.31456268e-03
2.84234434e-01	3.64743888e-01	2.30987603e-03
2.84695506e-01	3.63467991e-01	2.30515492e-03
2.85156548e-01	3.65404069e-01	2.30833841e-03
2.85617590e-01	3.62937361e-01	2.29825778e-03
2.86078662e-01	3.65698010e-01	2.30498891e-03
2.86539704e-01	3.63625765e-01	2.31231633e-03
2.87000775e-01	3.62287551e-01	2.32145539e-03
2.87461817e-01	3.59167397e-01	2.31844978e-03
2.87922859e-01	3.63368481e-01	2.33368529e-03
2.88383931e-01	3.58996093e-01	2.32883147e-03
2.88844973e-01	3.55189264e-01	2.32208613e-03
2.89306045e-01	3.54428858e-01	2.32490688e-03
2.89767087e-01	3.51648986e-01	2.32337485e-03
2.90228158e-01	3.52856725e-01	2.32847640e-03
2.90689200e-01	3.48022282e-01	2.31582788e-03
2.91150242e-01	3.51652890e-01	2.32643401e-03
2.91611314e-01	3.50375503e-01	2.32362514e-03
2.92072356e-01	3.48497391e-01	2.32154853e-03
2.92533427e-01	3.43631715e-01	2.30892049e-03
2.92994469e-01	3.46306503e-01	2.31877412e-03
2.93455541e-01	3.41396689e-01	2.30792258e-03
2.93916583e-01	3.42181504e-01	2.31181760e-03
2.94377625e-01	3.40619832e-01	2.30603619e-03
2.94838697e-01	3.42219263e-01	2.30991980e-03
2.95299739e-01	3.44164073e-01	2.31722021e-03
2.95760810e-01	3.42381656e-01	2.31375918e-03
2.96221852e-01	3.39779228e-01	2.30918778e-03
2.96682894e-01	3.34593296e-01	2.29953835e-03
2.97143966e-01	3.35906684e-01	2.30288203e-03
2.97605008e-01	3.37216198e-01	2.30628299e-03
2.98066080e-01	3.34190995e-01	2.29920354e-03
2.98527122e-01	3.31976086e-01	2.29434483e-03
2.98988193e-01	3.32765877e-01	2.29741773e-03
2.99449235e-01	3.30389261e-01	2.29281909e-03
2.99910277e-01	3.29525054e-01	2.29232223e-03
3.00371349e-01	3.28059167e-01	2.28797272e-03
3.00832391e-01	3.25851828e-01	2.28355662e-03
3.01293463e-01	3.25683177e-01	2.28455942e-03
3.01754504e-01	3.25193644e-01	2.28213053e-03
3.02215546e-01	3.25297415e-01	2.28221575e-03
3.02676618e-01	3.24935257e-01	2.28245603e-03
3.03137660e-01	3.20357263e-01	2.26991670e-03
3.03598732e-01	3.21992010e-01	2.27643130e-03
3.04059774e-01	3.25516373e-01	2.27233581e-03
3.04520845e-01	3.21970791e-01	2.24582665e-03
3.04981887e-01	3.17998230e-01	2.22872966e-03
3.05442929e-01	3.17908227e-01	2.22224602e-03
3.05904001e-01	3.20453823e-01	2.22146511e-03
3.06365043e-01	3.17366362e-01	2.20816093e-03
3.06826115e-01	3.14215094e-01	2.19676411e-03
3.07287157e-01	3.16573203e-01	2.19744979e-03
3.07748228e-01	3.15487683e-01	2.19111610e-03
3.08209270e-01	3.12004626e-01	2.17970274e-03
3.08670312e-01	3.13516080e-01	2.18153838e-03
3.09131384e-01	3.10011566e-01	2.17012898e-03
3.09592426e-01	3.10842574e-01	2.17061443e-03
3.10053498e-01	3.06807339e-01	2.15625623e-03
3.10514539e-01	3.05954248e-01	2.15127366e-03
3.10975581e-01	3.05407345e-01	2.14532111e-03
3.11436653e-01	3.06002825e-01	2.14513182e-03
3.11897695e-01	3.04064214e-01	2.13967566e-03
3.12358767e-01	3.04205418e-01	2.13512057e-03
3.12819809e-01	3.04003388e-01	2.13127863e-03
3.13280880e-01	3.00615102e-01	2.12028064e-03
3.13741922e-01	3.00832570e-01	2.12022802e-03
3.14202964e-01	2.97703236e-01	2.11037230e-03
3.14664036e-01	2.98632622e-01	2.10883236e-03
3.15125078e-01	2.98538983e-01	2.10558670e-03
3.15586150e-01	2.96991080e-01	2.10044207e-03
3.16047192e-01	2.96891630e-01	2.09807651e-03
3.16508234e-01	2.95719445e-01	2.09244457e-03
3.16969305e-01	2.95473754e-01	2.08872999e-03
3.17430347e-01	2.94916868e-01	2.08705268e-03
3.17891419e-01	2.90395200e-01	2.07410427e-03
3.18352461e-01	2.90959984e-01	2.07293243e-03
3.18813533e-01	2.92192400e-01	2.07339088e-03
3.19274575e-01	2.89759338e-01	2.06720619e-03
3.19735616e-01	2.87416756e-01	2.06048833e-03
3.20196688e-01	2.86334425e-01	2.05487153e-03
3.20657730e-01	2.90213764e-01	2.06157286e-03
3.21118802e-01	2.90419012e-01	2.05857540e-03
3.21579844e-01	2.85981566e-01	2.04781978e-03
3.22040915e-01	2.82847524e-01	2.03971379e-03
3.22501957e-01	2.82641619e-01	2.03728769e-03
3.22962999e-01	2.81551301e-01	2.03344971e-03
3.23424071e-01	2.81497508e-01	2.03090813e-03
3.23885113e-01	2.80808061e-01	2.02678191e-03
3.24346185e-01	2.82144904e-01	2.03071954e-03
3.24807227e-01	2.81344622e-01	2.02586851e-03
3.25268269e-01	2.78420031e-01	2.01641279e-03
3.25729340e-01	2.79677033e-01	2.01738952e-03
3.26190382e-01	2.79234171e-01	2.01470521e-03
3.26651454e-01	2.76743650e-01	2.00816011e-03
3.27112496e-01	2.74904758e-01	2.00430886e-03
3.27573568e-01	2.69921333e-01	1.98990433e-03
3.28034610e-01	2.73555905e-01	1.99734373e-03
3.28495651e-01	2.74099737e-01	1.99615303e-03
3.28956723e-01	2.74119705e-01	1.99414371e-03
3.29417765e-01	2.73487419e-01	1.99170830e-03
3.29878837e-01	2.72062123e-01	1.98732270e-03
3.30339879e-01	2.71437258e-01	1.98394363e-03
3.30800921e-01	2.69945681e-01	1.97987421e-03
3.31261992e-01	2.67388046e-01	1.97157171e-03
3.31723034e-01	2.68786371e-01	1.97466603e-03
3.32184106e-01	2.66894162e-01	1.96564081e-03
3.32645148e-01	2.68789947e-01	1.97074004e-03
3.33106220e-01	2.62628704e-01	1.95582281e-03
3.33567262e-01	2.66078055e-01	1.96274417e-03
3.34028304e-01	2.65904188e-01	1.95917487e-03
3.34489375e-01	2.65167058e-01	1.95774203e-03
3.34950417e-01	2.63683230e-01	1.95354247e-03
3.35411489e-01	2.63967246e-01	1.95289869e-03
3.35872531e-01	2.61206210e-01	1.94424426e-03
3.36333603e-01	2.59861380e-01	1.94124319e-03
3.36794645e-01	2.60150999e-01	1.94093643e-03
3.37255687e-01	2.59298146e-01	1.93573965e-03
3.37716758e-01	2.59194136e-01	1.93590426e-03
3.38177800e-01	2.57044345e-01	1.92966533e-03
3.38638872e-01	2.56005466e-01	1.92517822e-03
3.39099914e-01	2.55857408e-01	1.92403735e-03
3.39560956e-01	2.54011691e-01	1.91782636e-03
3.40022027e-01	2.52986848e-01	1.91455928e-03
3.40483069e-01	2.55274296e-01	1.91981718e-03
3.40944141e-01	2.56215423e-01	1.91971008e-03
3.41405183e-01	2.54290104e-01	1.91537477e-03
3.41866255e-01	2.49936387e-01	1.90384104e-03
3.42327297e-01	2.50081658e-01	1.90306525e-03
3.42788339e-01	2.49705508e-01	1.90072483e-03
3.43249410e-01	2.48261884e-01	1.89641619e-03
3.43710452e-01	2.48064846e-01	1.89413037e-03
3.44171524e-01	2.48863339e-01	1.89398543e-03
3.44632566e-01	2.47169092e-01	1.89017807e-03
3.45093608e-01	2.47580677e-01	1.88857841e-03
3.45554680e-01	2.48658866e-01	1.89003383e-03
3.46015722e-01	2.44405076e-01	1.88017671e-03
3.46476793e-01	2.44543985e-01	1.87958870e-03
3.46937835e-01	2.44438082e-01	1.87686738e-03
3.47398907e-01	2.44101882e-01	1.87371357e-03
3.47859949e-01	2.46599287e-01	1.87996658e-03
3.48320991e-01	2.42204219e-01	1.86863099e-03
3.48782063e-01	2.40266278e-01	1.86201581e-03
3.49243104e-01	2.42776364e-01	1.86679675e-03
3.49704176e-01	2.41963416e-01	1.86400826e-03
3.50165218e-01	2.40333289e-01	1.85968238e-03
3.50626290e-01	2.40548760e-01	1.86018902e-03
3.51087332e-01	2.37815827e-01	1.85126066e-03
3.51548374e-01	2.36758560e-01	1.84801442e-03
3.52009445e-01	2.37162739e-01	1.84736983e-03
3.52470487e-01	2.37890363e-01	1.84640510e-03
3.52931559e-01	2.37083867e-01	1.84387842e-03
3.53392601e-01	2.35914350e-01	1.84038398e-03
3.53853643e-01	2.35324740e-01	1.83606637e-03
3.54314715e-01	2.35220388e-01	1.83461455e-03
3.54775757e-01	2.32698992e-01	1.82851800e-03
3.55236828e-01	2.33003944e-01	1.82889157e-03
3.55697870e-01	2.31827810e-01	1.82408467e-03
3.56158942e-01	2.31090114e-01	1.82098523e-03
3.56619984e-01	2.31683403e-01	1.82186125e-03
3.57081026e-01	2.29397655e-01	1.81391928e-03
3.57542098e-01	2.30145887e-01	1.81413698e-03
3.58003139e-01	2.27925867e-01	1.80816127e-03
3.58464211e-01	2.28244707e-01	1.80823565e-03
3.58925253e-01	2.29026228e-01	1.80750655e-03
3.59386295e-01	2.27470487e-01	1.80171023e-03
3.59847367e-01	2.28392214e-01	1.80298707e-03
3.60308409e-01	2.27686957e-01	1.80045865e-03
3.60769480e-01	2.27950007e-01	1.79937761e-03
3.61230522e-01	2.27358013e-01	1.79525162e-03
3.61691594e-01	2.24037081e-01	1.78722967e-03
3.62152636e-01	2.22276971e-01	1.78329810e-03
3.62613678e-01	2.24606246e-01	1.78638694e-03
3.63074750e-01	2.25895643e-01	1.78900885e-03
3.63535792e-01	2.21161485e-01	1.77712436e-03
3.63996863e-01	2.20783323e-01	1.77443493e-03
3.64457905e-01	2.21490577e-01	1.77569373e-03
3.64918977e-01	2.19113201e-01	1.76844432e-03
3.65380019e-01	2.20373601e-01	1.77041127e-03
3.65841061e-01	2.19068766e-01	1.76577421e-03
3.66302133e-01	2.18372226e-01	1.76335382e-03
3.66763175e-01	2.19182968e-01	1.76363287e-03
3.67224246e-01	2.18633339e-01	1.76112505e-03
3.67685288e-01	2.16524050e-01	1.75462884e-03
3.68146330e-01	2.14557931e-01	1.74806756e-03
3.68607402e-01	2.14982584e-01	1.74982729e-03
3.69068444e-01	2.15164989e-01	1.74832996e-03
3.69529516e-01	2.16349870e-01	1.74913555e-03
3.69990557e-01	2.15357661e-01	1.74737221e-03
3.70451629e-01	2.13390306e-01	1.74040941e-03
3.70912671e-01	2.14974076e-01	1.74277183e-03
3.71373713e-01	2.15659693e-01	1.74237543e-03
3.71834785e-01	2.15072468e-01	1.73998217e-03
3.72295827e-01	2.12819651e-01	1.73376349e-03
3.72756898e-01	2.11677119e-01	1.72985566e-03
3.73217940e-01	2.12422207e-01	1.73184497e-03
3.73678982e-01	2.11013913e-01	1.72668253e-03
3.74140054e-01	2.09513217e-01	1.72165292e-03
3.74601096e-01	2.11286306e-01	1.72618835e-03
3.75062168e-01	2.09077120e-01	1.71690958e-03
3.75523210e-01	2.08142668e-01	1.71546417e-03
3.75984281e-01	2.07492024e-01	1.71303994e-03
3.76445323e-01	2.06765339e-01	1.71003898e-03
3.76906365e-01	2.05753490e-01	1.70628040e-03
3.77367437e-01	2.07392544e-01	1.70838798e-03
3.77828479e-01	2.08480686e-01	1.71046832e-03
3.78289551e-01	2.05831766e-01	1.70263625e-03
3.78750592e-01	2.03467801e-01	1.69788487e-03
3.79211664e-01	2.02708915e-01	1.69379660e-03
3.79672706e-01	2.05676913e-01	1.69892854e-03
3.80133748e-01	2.04059690e-01	1.69355329e-03
3.80594820e-01	2.02915579e-01	1.69110042e-03
3.81055862e-01	2.01318815e-01	1.68688199e-03
3.81516933e-01	1.99897811e-01	1.68175367e-03
3.81977975e-01	2.02436447e-01	1.68783707e-03
3.82439017e-01	1.99615210e-01	1.67942257e-03
3.82900089e-01	2.00483412e-01	1.68224075e-03
3.83361131e-01	1.99746639e-01	1.67861371e-03
3.83822203e-01	1.99486494e-01	1.67595095e-03
3.84283245e-01	1.99245021e-01	1.67467596e-03
3.84744316e-01	1.98342592e-01	1.67244300e-03
3.85205358e-01	1.99001744e-01	1.67310680e-03
3.85666400e-01	1.98933199e-01	1.67163240e-03
3.86127472e-01	1.99273795e-01	1.67217082e-03
3.86588514e-01	1.96512774e-01	1.66313746e-03
3.87049586e-01	1.96731508e-01	1.66225678e-03
3.87510628e-01	1.97179005e-01	1.66262337e-03
3.87971669e-01	1.96541756e-01	1.66133116e-03
3.88432741e-01	1.95879579e-01	1.65812986e-03
3.88893783e-01	1.98603407e-01	1.66411977e-03
3.89354855e-01	1.95340067e-01	1.65509991e-03
3.89815897e-01	1.95654675e-01	1.65533146e-03
3.90276968e-01	1.97958589e-01	1.65969448e-03
3.90738010e-01	1.97355196e-01	1.65705627e-03
3.91199052e-01	1.94352299e-01	1.64889044e-03
3.91660124e-01	1.96346611e-01	1.65331305e-03
3.92121166e-01	1.95478290e-01	1.64981431e-03
3.92582238e-01	1.95974022e-01	1.64991640e-03
3.93043280e-01	1.96838975e-01	1.65105052e-03
3.93504351e-01	1.92613915e-01	1.64150796e-03
3.93965393e-01	1.92163318e-01	1.64044218e-03
3.94426435e-01	1.90728217e-01	1.63539499e-03
3.94887507e-01	1.90793246e-01	1.63614040e-03
3.95348549e-01	1.89906016e-01	1.63267029e-03
3.95809621e-01	1.88796252e-01	1.62962358e-03
3.96270663e-01	1.87919170e-01	1.62673590e-03
3.96731704e-01	1.87569872e-01	1.62521866e-03
3.97192776e-01	1.86600015e-01	1.62265822e-03
3.97653818e-01	1.86988041e-01	1.62342121e-03
3.98114890e-01	1.84865668e-01	1.61742233e-03
3.98575932e-01	1.85395062e-01	1.61757623e-03
3.99037004e-01	1.86678246e-01	1.61958172e-03
3.99498045e-01	1.85377747e-01	1.61588623e-03
3.99959087e-01	1.84187368e-01	1.61221786e-03
4.00420159e-01	1.83766276e-01	1.61066244e-03
4.00881201e-01	1.83909684e-01	1.61053403e-03
4.01342273e-01	1.83637738e-01	1.60836359e-03
4.01803315e-01	1.83373898e-01	1.60727708e-03
4.02264357e-01	1.82648867e-01	1.60569639e-03
4.02725428e-01	1.82731345e-01	1.60478090e-03
4.03186470e-01	1.82202935e-01	1.60290708e-03
4.03647542e-01	1.81180716e-01	1.60040963e-03
4.04108584e-01	1.80590659e-01	1.59781682e-03
4.04569656e-01	1.81536838e-01	1.59886107e-03
4.05030698e-01	1.80672973e-01	1.59610598e-03
4.05491740e-01	1.79587245e-01	1.59287767e-03
4.05952811e-01	1.79255798e-01	1.59182795e-03
4.06413853e-01	1.79384813e-01	1.59119559e-03
4.06874925e-01	1.79105669e-01	1.58900605e-03
4.07335967e-01	1.78026527e-01	1.58590265e-03
4.07797039e-01	1.78521842e-01	1.58675644e-03
4.08258080e-01	1.77193776e-01	1.58260076e-03
4.08719122e-01	1.76029116e-01	1.57977478e-03
4.09180194e-01	1.76252827e-01	1.58013962e-03
4.09641236e-01	1.76290423e-01	1.57898199e-03
4.10102308e-01	1.76201999e-01	1.57728384e-03
4.10563350e-01	1.76945180e-01	1.57823844e-03
4.11024392e-01	1.74309120e-01	1.57088810e-03
4.11485463e-01	1.74390584e-01	1.57157239e-03
4.11946505e-01	1.74411878e-01	1.57102442e-03
4.12407577e-01	1.73228160e-01	1.56708376e-03
4.12868619e-01	1.73750713e-01	1.56694255e-03
4.13329691e-01	1.73648506e-01	1.56597735e-03
4.13790733e-01	1.72162324e-01	1.56137091e-03
4.14251775e-01	1.71921536e-01	1.55936205e-03
4.14712846e-01	1.72091767e-01	1.55802607e-03
4.15173888e-01	1.73453897e-01	1.55969267e-03
4.15634960e-01	1.71986550e-01	1.55568041e-03
4.16096002e-01	1.71563491e-01	1.55395421e-03
4.16557044e-01	1.71331346e-01	1.55429472e-03
4.17018116e-01	1.68989688e-01	1.54765649e-03
4.17479157e-01	1.70340210e-01	1.54914218e-03
4.17940229e-01	1.68930084e-01	1.54560385e-03
4.18401271e-01	1.70234874e-01	1.54757570e-03
4.18862343e-01	1.70633867e-01	1.54631888e-03
4.19323385e-01	1.70662358e-01	1.54572655e-03
4.19784427e-01	1.67913109e-01	1.53897656e-03
4.20245498e-01	1.65745258e-01	1.53349433e-03
4.20706540e-01	1.66718751e-01	1.53514207e-03
4.21167612e-01	1.66673645e-01	1.53401762e-03
4.21628654e-01	1.66912094e-01	1.53317256e-03
4.22089696e-01	1.66731387e-01	1.53173995e-03
4.22550768e-01	1.67097598e-01	1.53177441e-03
4.23011810e-01	1.65436193e-01	1.52556342e-03
4.23472881e-01	1.66539714e-01	1.52759743e-03
4.23933923e-01	1.65014297e-01	1.52339693e-03
4.24394995e-01	1.66561097e-01	1.52800279e-03
4.24856037e-01	1.64406493e-01	1.52046781e-03
4.25317079e-01	1.64938167e-01	1.52119657e-03
4.25778151e-01	1.65027440e-01	1.52248458e-03
4.26239192e-01	1.62854403e-01	1.51524588e-03
4.26700264e-01	1.64623857e-01	1.51755032e-03
4.27161306e-01	1.64504886e-01	1.51692017e-03
4.27622378e-01	1.63483843e-01	1.51799968e-03
4.28083420e-01	1.62956148e-01	1.52209098e-03
4.28544462e-01	1.60648569e-01	1.51846767e-03
4.29005533e-01	1.62187949e-01	1.52486167e-03
4.29466575e-01	1.60098851e-01	1.51907955e-03
4.29927647e-01	1.61684692e-01	1.52462535e-03
4.30388689e-01	1.59944758e-01	1.52098876e-03
4.30849731e-01	1.60699144e-01	1.52331567e-03
4.31310803e-01	1.60696000e-01	1.52465177e-03
4.31771845e-01	1.60382852e-01	1.52544014e-03
4.32232916e-01	1.59325808e-01	1.52443151e-03
4.32693958e-01	1.60226732e-01	1.52842165e-03
4.33155030e-01	1.58552974e-01	1.52395875e-03
4.33616072e-01	1.59696057e-01	1.52823364e-03
4.34077114e-01	1.58825353e-01	1.52699149e-03
4.34538186e-01	1.57318085e-01	1.52440846e-03
4.34999228e-01	1.57471925e-01	1.52578531e-03
4.35460299e-01	1.57391638e-01	1.52564200e-03
4.35921341e-01	1.58819318e-01	1.52870547e-03
4.36382383e-01	1.58818007e-01	1.52875658e-03
4.36843455e-01	1.58347458e-01	1.52897567e-03
4.37304497e-01	1.57557726e-01	1.52803655e-03
4.37765568e-01	1.56790763e-01	1.52623607e-03
4.38226610e-01	1.56984016e-01	1.52689172e-03
4.38687682e-01	1.57084778e-01	1.52851746e-03
4.39148724e-01	1.56112462e-01	1.52659090e-03
4.39609766e-01	1.55993193e-01	1.52736111e-03
4.40070838e-01	1.53598100e-01	1.52126071e-03
4.40531880e-01	1.53653681e-01	1.52202137e-03
4.40992951e-01	1.54879376e-01	1.52420974e-03
4.41453993e-01	1.56064510e-01	1.52833050e-03
4.41915065e-01	1.53386623e-01	1.52249599e-03
4.42376107e-01	1.54719993e-01	1.52520405e-03
4.42837149e-01	1.55711263e-01	1.52848335e-03
4.43298221e-01	1.53805375e-01	1.52397598e-03
4.43759263e-01	1.52439266e-01	1.52163161e-03
4.44220334e-01	1.52598739e-01	1.52211986e-03
4.44681376e-01	1.52988106e-01	1.52382464e-03
4.45142418e-01	1.51255056e-01	1.51986373e-03
4.45603490e-01	1.51503563e-01	1.52005407e-03
4.46064532e-01	1.52108908e-01	1.52253336e-03
4.46525604e-01	1.50135845e-01	1.51772436e-03
4.46986645e-01	1.50694981e-01	1.51986920e-03
4.47447717e-01	1.50482118e-01	1.51901483e-03
4.47908759e-01	1.51520044e-01	1.52065826e-03
4.48369801e-01	1.52589440e-01	1.52330997e-03
4.48830873e-01	1.52577758e-01	1.52410672e-03
4.49291915e-01	1.50848627e-01	1.51975336e-03
4.49752986e-01	1.49633080e-01	1.51783554e-03
4.50214028e-01	1.48665145e-01	1.51680491e-03
4.50675070e-01	1.48726374e-01	1.51732110e-03
4.51136142e-01	1.48785934e-01	1.51712424e-03
4.51597184e-01	1.49006933e-01	1.51649280e-03
4.52058256e-01	1.49255648e-01	1.51762774e-03
4.52519298e-01	1.49309874e-01	1.51766627e-03
4.52980369e-01	1.47911951e-01	1.51381630e-03
4.53441411e-01	1.47005841e-01	1.51328067e-03
4.53902453e-01	1.46903202e-01	1.51332701e-03
4.54363525e-01	1.47295699e-01	1.51408289e-03
4.54824567e-01	1.48023516e-01	1.51650724e-03
4.55285639e-01	1.47473574e-01	1.51489233e-03
4.55746680e-01	1.48974732e-01	1.51875720e-03
4.56207752e-01	1.46903872e-01	1.51238160e-03
4.56668794e-01	1.47053376e-01	1.51446811e-03
4.57129836e-01	1.46257892e-01	1.51326624e-03
4.57590908e-01	1.46398157e-01	1.51259033e-03
4.58051950e-01	1.47607535e-01	1.51542295e-03
4.58513021e-01	1.45330921e-01	1.51099742e-03
4.58974063e-01	1.43801823e-01	1.50787353e-03
4.59435105e-01	1.43731475e-01	1.50671345e-03
4.59896177e-01	1.44778281e-01	1.51006621e-03
4.60357219e-01	1.43254757e-01	1.50644663e-03
4.60818291e-01	1.43882707e-01	1.50761579e-03
4.61279333e-01	1.45512640e-01	1.51205773e-03
4.61740404e-01	1.42915592e-01	1.50604115e-03
4.62201446e-01	1.42792121e-01	1.50626246e-03
4.62662488e-01	1.43538371e-01	1.51230488e-03
4.63123560e-01	1.41767964e-01	1.51732459e-03
4.63584602e-01	1.42529473e-01	1.52513594e-03
4.64045674e-01	1.41853094e-01	1.52711722e-03
4.64506716e-01	1.42487004e-01	1.53284078e-03
4.64967757e-01	1.43867105e-01	1.53958064e-03
4.65428829e-01	1.41983867e-01	1.53769902e-03
4.65889871e-01	1.41764909e-01	1.53887132e-03
4.66350943e-01	1.42085314e-01	1.54081383e-03
4.66811985e-01	1.43017784e-01	1.54521456e-03
4.67273057e-01	1.42460272e-01	1.54658896e-03
4.67734098e-01	1.40441030e-01	1.54499745e-03
4.68195140e-01	1.39544517e-01	1.54458836e-03
4.68656212e-01	1.40161127e-01	1.54764322e-03
4.69117254e-01	1.41198248e-01	1.55254174e-03
4.69578326e-01	1.41277134e-01	1.55392732e-03
4.70039368e-01	1.40093341e-01	1.55275431e-03
4.70500439e-01	1.40105277e-01	1.55576260e-03
4.70961481e-01	1.39862284e-01	1.55601115e-03
4.71422523e-01	1.38086617e-01	1.55366771e-03
4.71883595e-01	1.36223525e-01	1.55038317e-03
4.72344637e-01	1.38553098e-01	1.55780395e-03
4.72805709e-01	1.40364408e-01	1.56454335e-03
4.73266751e-01	1.36073321e-01	1.55416573e-03
4.73727793e-01	1.37406975e-01	1.56050106e-03
4.74188864e-01	1.37405425e-01	1.55952910e-03
4.74649906e-01	1.38306424e-01	1.56328268e-03
4.75110978e-01	1.37020200e-01	1.56173191e-03
4.75572020e-01	1.35983005e-01	1.55905588e-03
4.76033092e-01	1.36655718e-01	1.56216009e-03
4.76494133e-01	1.36314303e-01	1.56130351e-03
4.76955175e-01	1.36132911e-01	1.56092586e-03
4.77416247e-01	1.36003599e-01	1.56155333e-03
4.77877289e-01	1.35858029e-01	1.56212947e-03
4.78338361e-01	1.35025710e-01	1.56116998e-03
4.78799403e-01	1.33997232e-01	1.55886554e-03
4.79260445e-01	1.34039536e-01	1.55976624e-03
4.79721516e-01	1.34057716e-01	1.56066951e-03
4.80182558e-01	1.35990217e-01	1.56596024e-03
4.80643630e-01	1.36027157e-01	1.56518782e-03
4.81104672e-01	1.35851204e-01	1.56508782e-03
4.81565744e-01	1.36259556e-01	1.56758656e-03
4.82026786e-01	1.34886637e-01	1.56436744e-03
4.82487828e-01	1.35369152e-01	1.56585220e-03
4.82948899e-01	1.35204703e-01	1.56525825e-03
4.83409941e-01	1.35976031e-01	1.56839227e-03
4.83871013e-01	1.34719104e-01	1.56545057e-03
4.84332055e-01	1.33925751e-01	1.56525092e-03
4.84793127e-01	1.32826671e-01	1.56281481e-03
4.85254169e-01	1.32698491e-01	1.56345719e-03
4.85715210e-01	1.32821769e-01	1.56470295e-03
4.86176282e-01	1.32874340e-01	1.56530493e-03
4.86637324e-01	1.32983565e-01	1.56567548e-03
4.87098396e-01	1.32056326e-01	1.56469573e-03
4.87559438e-01	1.32313296e-01	1.56706036e-03
4.88020480e-01	1.32756621e-01	1.56885071e-03
4.88481551e-01	1.32232785e-01	1.56760251e-03
4.88942593e-01	1.33820981e-01	1.57202163e-03
4.89403665e-01	1.30775765e-01	1.56490819e-03
4.89864707e-01	1.29882425e-01	1.56426767e-03
4.90325779e-01	1.31401122e-01	1.56811927e-03
4.90786821e-01	1.30861059e-01	1.56742451e-03
4.91247863e-01	1.30519345e-01	1.56854931e-03
4.91708934e-01	1.28376663e-01	1.56301050e-03
4.92169976e-01	1.30912572e-01	1.57044898e-03
4.92631048e-01	1.30087703e-01	1.56905293e-03
4.93092090e-01	1.28859237e-01	1.56706537e-03
4.93553132e-01	1.29366130e-01	1.56895723e-03
4.94014204e-01	1.29247218e-01	1.57032278e-03
4.94475245e-01	1.26445353e-01	1.56191853e-03
4.94936317e-01	1.29370481e-01	1.57067960e-03
4.95397359e-01	1.28482327e-01	1.56875199e-03
4.95858431e-01	1.27917796e-01	1.56942103e-03
4.96319473e-01	1.27960086e-01	1.57019682e-03
4.96780515e-01	1.27396613e-01	1.56899472e-03
4.97241586e-01	1.28395230e-01	1.57220825e-03
4.97702628e-01	1.28032312e-01	1.57188589e-03
4.98163700e-01	1.28122598e-01	1.57331745e-03
4.98624742e-01	1.28925011e-01	1.57562306e-03
4.99085814e-01	1.29563019e-01	1.57700595e-03
4.99546856e-01	1.29418328e-01	1.57643016e-03
5.00007927e-01	1.27855882e-01	1.57398102e-03
5.00468969e-01	1.27316281e-01	1.57375145e-03
5.00930011e-01	1.26715034e-01	1.57282071e-03
5.01391053e-01	1.26698524e-01	1.57462584e-03
5.01852155e-01	1.25372410e-01	1.57088856e-03
5.02313197e-01	1.25655234e-01	1.57188787e-03
5.02774239e-01	1.26447082e-01	1.57580769e-03
5.03235281e-01	1.24918804e-01	1.57239719e-03
5.03696322e-01	1.25218987e-01	1.57351792e-03
5.04157424e-01	1.25532284e-01	1.57470128e-03
5.04618466e-01	1.26765564e-01	1.57873554e-03
5.05079508e-01	1.26548961e-01	1.57843600e-03
5.05540550e-01	1.26140743e-01	1.57932169e-03
5.06001592e-01	1.23970196e-01	1.57343620e-03
5.06462693e-01	1.25198752e-01	1.57819013e-03
5.06923735e-01	1.24637827e-01	1.57755800e-03
5.07384777e-01	1.23714462e-01	1.57465157e-03
5.07845819e-01	1.23760127e-01	1.57615286e-03
5.08306861e-01	1.24194875e-01	1.57713587e-03
5.08767962e-01	1.25266910e-01	1.58135092e-03
5.09229004e-01	1.23687468e-01	1.57940364e-03
5.09690046e-01	1.23922393e-01	1.58049667e-03
5.10151088e-01	1.22994855e-01	1.57855172e-03
5.10612190e-01	1.22536942e-01	1.57768256e-03
5.11073232e-01	1.23419344e-01	1.58024416e-03
5.11534274e-01	1.22862518e-01	1.58010027e-03
5.11995316e-01	1.22295901e-01	1.57808478e-03
5.12456357e-01	1.22670159e-01	1.58067304e-03
5.12917459e-01	1.20984532e-01	1.57731923e-03
5.13378501e-01	1.21442303e-01	1.57894962e-03
5.13839543e-01	1.21637844e-01	1.58039539e-03
5.14300585e-01	1.21527530e-01	1.58150273e-03
5.14761627e-01	1.19600058e-01	1.57477078e-03
5.15222728e-01	1.22585513e-01	1.58351043e-03
5.15683770e-01	1.21350572e-01	1.58024242e-03
5.16144812e-01	1.19678937e-01	1.57775916e-03
5.16605854e-01	1.18377015e-01	1.57406949e-03
5.17066896e-01	1.20288745e-01	1.57946011e-03
5.17527997e-01	1.20432377e-01	1.57895219e-03
5.17989039e-01	1.20746873e-01	1.58044766e-03
5.18450081e-01	1.20982111e-01	1.58210867e-03
5.18911123e-01	1.20018199e-01	1.57995464e-03
5.19372165e-01	1.19967557e-01	1.57904217e-03
5.19833267e-01	1.21063650e-01	1.58289878e-03
5.20294309e-01	1.18238114e-01	1.57471374e-03
5.20755351e-01	1.19481087e-01	1.57883577e-03
5.21216393e-01	1.18935607e-01	1.57794170e-03
5.21677494e-01	1.17797360e-01	1.57512969e-03
5.22138536e-01	1.18157014e-01	1.57584751e-03
5.22599578e-01	1.18405364e-01	1.57755578e-03
5.23060620e-01	1.19685590e-01	1.58144778e-03
5.23521662e-01	1.18603542e-01	1.57719501e-03
5.23982763e-01	1.18048266e-01	1.57744833e-03
5.24443805e-01	1.17475152e-01	1.57589908e-03
5.24904847e-01	1.18923470e-01	1.58048177e-03
5.25365889e-01	1.18841849e-01	1.58015476e-03
5.25826931e-01	1.17624268e-01	1.57747418e-03
5.26288033e-01	1.16741419e-01	1.57619454e-03
5.26749074e-01	1.16962135e-01	1.57634693e-03
5.27210116e-01	1.19295262e-01	1.58423162e-03
5.27671158e-01	1.18361972e-01	1.58158015e-03
5.28132200e-01	1.16501711e-01	1.57754286e-03
5.28593302e-01	1.16159484e-01	1.57775020e-03
5.29054344e-01	1.16437301e-01	1.57874858e-03
5.29515386e-01	1.16630591e-01	1.58031774e-03
5.29976428e-01	1.16092637e-01	1.57892588e-03
5.30437529e-01	1.15303412e-01	1.57729408e-03
5.30898571e-01	1.15885898e-01	1.57936441e-03
5.31359613e-01	1.15483426e-01	1.57874706e-03
5.31820655e-01	1.14661023e-01	1.57766137e-03
5.32281697e-01	1.14588641e-01	1.57783052e-03
5.32742798e-01	1.16663121e-01	1.58406980e-03
5.33203840e-01	1.16048716e-01	1.58162264e-03
5.33664882e-01	1.15610562e-01	1.58973935e-03
5.34125924e-01	1.15757465e-01	1.60064618e-03
5.34586966e-01	1.14390410e-01	1.60038413e-03
5.35048068e-01	1.15394495e-01	1.60712749e-03
5.35509109e-01	1.14051841e-01	1.60556729e-03
5.35970151e-01	1.15284182e-01	1.61277724e-03
5.36431193e-01	1.14486434e-01	1.61511579e-03
5.36892235e-01	1.13723956e-01	1.61599834e-03
5.37353337e-01	1.13532126e-01	1.61924376e-03
5.37814379e-01	1.13666520e-01	1.62350445e-03
5.38275421e-01	1.13499105e-01	1.62542390e-03
5.38736463e-01	1.15070298e-01	1.63255481e-03
5.39197505e-01	1.15084231e-01	1.63578393e-03
5.39658606e-01	1.13864735e-01	1.63520989e-03
5.40119648e-01	1.14703849e-01	1.63973251e-03
5.40580690e-01	1.15320012e-01	1.64400949e-03
5.41041732e-01	1.13011040e-01	1.64097059e-03
5.41502833e-01	1.13647804e-01	1.64677354e-03
5.41963875e-01	1.13349482e-01	1.65758131e-03
5.42424917e-01	1.12635806e-01	1.67139585e-03
5.42885959e-01	1.12664960e-01	1.68264750e-03
5.43347001e-01	1.12197921e-01	1.68982276e-03
5.43808103e-01	1.12321459e-01	1.69782841e-03
5.44269145e-01	1.13883637e-01	1.70918298e-03
5.44730186e-01	1.12939633e-01	1.71195925e-03
5.45191228e-01	1.12160146e-01	1.71691889e-03
5.45652270e-01	1.12130806e-01	1.72381173e-03
5.46113372e-01	1.11927547e-01	1.73045194e-03
5.46574414e-01	1.11138597e-01	1.73399807e-03
5.47035456e-01	1.13951281e-01	1.74859038e-03
5.47496498e-01	1.13866940e-01	1.75317773e-03
5.47957540e-01	1.10829905e-01	1.75035035e-03
5.48418641e-01	1.10491015e-01	1.75692304e-03
5.48879683e-01	1.09872617e-01	1.76088419e-03
5.49340725e-01	1.11884572e-01	1.77329895e-03
5.49801767e-01	1.11455962e-01	1.77637977e-03
5.50262868e-01	1.08660124e-01	1.77393109e-03
5.50723910e-01	1.08306721e-01	1.77943020e-03
5.51184952e-01	1.09295145e-01	1.78729533e-03
5.51645994e-01	1.10181488e-01	1.79524836e-03
5.52107036e-01	1.09659016e-01	1.79756025e-03
5.52568138e-01	1.11784972e-01	1.81116909e-03
5.53029180e-01	1.07947573e-01	1.80339720e-03
5.53490222e-01	1.08141460e-01	1.81198993e-03
5.53951263e-01	1.08254239e-01	1.81595050e-03
5.54412305e-01	1.09486938e-01	1.82435592e-03
5.54873407e-01	1.08688891e-01	1.82643556e-03
5.55334449e-01	1.09965041e-01	1.83799397e-03
5.55795491e-01	1.06967069e-01	1.83255621e-03
5.56256533e-01	1.08081296e-01	1.84147863e-03
5.56717575e-01	1.08311631e-01	1.84640824e-03
5.57178676e-01	1.08009338e-01	1.85164250e-03
5.57639718e-01	1.06977664e-01	1.85409712e-03
5.58100760e-01	1.07079282e-01	1.85858551e-03
5.58561802e-01	1.09266296e-01	1.87145919e-03
5.59022903e-01	1.08704165e-01	1.87537132e-03
5.59483945e-01	1.05913401e-01	1.87271682e-03
5.59944987e-01	1.04356028e-01	1.87010108e-03
5.60406029e-01	1.07473709e-01	1.88593380e-03
5.60867071e-01	1.06852971e-01	1.88894721e-03
5.61328173e-01	1.08201288e-01	1.89810863e-03
5.61789215e-01	1.08099937e-01	1.90287142e-03
5.62250257e-01	1.05533876e-01	1.89919397e-03
5.62711298e-01	1.07704222e-01	1.91223272e-03
5.63172340e-01	1.07548393e-01	1.91666151e-03
5.63633442e-01	1.05965778e-01	1.91634707e-03
5.64094484e-01	1.05976321e-01	1.92152802e-03
5.64555526e-01	1.06905162e-01	1.93072483e-03
5.65016568e-01	1.04858652e-01	1.92892307e-03
5.65477610e-01	1.05066083e-01	1.93666702e-03
5.65938711e-01	1.05112888e-01	1.93986506e-03
5.66399753e-01	1.06144115e-01	1.94783392e-03
5.66860795e-01	1.06346726e-01	1.95252767e-03
5.67321837e-01	1.05925106e-01	1.95571361e-03
5.67782879e-01	1.04841843e-01	1.95868919e-03
5.68243980e-01	1.06236055e-01	1.97037705e-03
5.68705022e-01	1.04539774e-01	1.96933048e-03
5.69166064e-01	1.03115425e-01	1.97049649e-03
5.69627106e-01	1.03238821e-01	1.97647698e-03
5.70088208e-01	1.02981374e-01	1.98136619e-03
5.70549250e-01	1.03390828e-01	1.98594294e-03
5.71010292e-01	1.04152635e-01	1.99238071e-03
5.71471334e-01	1.05117343e-01	2.00144504e-03
5.71932375e-01	1.04424611e-01	2.00554845e-03
5.72393477e-01	1.02507249e-01	2.00391607e-03
5.72854519e-01	1.04095064e-01	2.01330869e-03
5.73315561e-01	1.04499422e-01	2.01770430e-03
5.73776603e-01	1.03991412e-01	2.01902096e-03
5.74237645e-01	1.05100751e-01	2.02846201e-03
5.74698746e-01	1.03029385e-01	2.02396023e-03
5.75159788e-01	1.04824528e-01	2.03684927e-03
5.75620830e-01	1.02666065e-01	2.03283131e-03
5.76081872e-01	1.02518380e-01	2.03518895e-03
5.76542914e-01	1.02575287e-01	2.04025768e-03
5.77004015e-01	1.01068690e-01	2.03941553e-03
5.77465057e-01	1.03324831e-01	2.05308339e-03
5.77926099e-01	1.02706492e-01	2.05239444e-03
5.78387141e-01	1.05376020e-01	2.06784857e-03
5.78848243e-01	1.02888569e-01	2.06139195e-03
5.79309285e-01	1.03041291e-01	2.06906395e-03
5.79770327e-01	1.01937056e-01	2.06999062e-03
5.80231369e-01	1.02197625e-01	2.07524584e-03
5.80692410e-01	1.02073953e-01	2.08211783e-03
5.81153512e-01	1.00904003e-01	2.08334601e-03
5.81614554e-01	1.02317549e-01	2.09260895e-03
5.82075596e-01	1.03131816e-01	2.10064696e-03
5.82536638e-01	1.02920517e-01	2.10733898e-03
5.82997680e-01	1.01055399e-01	2.10593175e-03
5.83458781e-01	1.03656098e-01	2.12017889e-03
5.83919823e-01	1.04237258e-01	2.12710002e-03
5.84380865e-01	1.02824353e-01	2.12836103e-03
5.84841907e-01	1.00787818e-01	2.12562270e-03
5.85302949e-01	1.00779869e-01	2.13099224e-03
5.85764050e-01	1.01475060e-01	2.13975972e-03
5.86225092e-01	1.02191664e-01	2.14811647e-03
5.86686134e-01	9.88317132e-02	2.14109360e-03
5.87147176e-01	9.92501751e-02	2.15168903e-03
5.87608278e-01	9.95428935e-02	2.15587835e-03
5.88069320e-01	1.00299396e-01	2.16271635e-03
5.88530362e-01	1.01789258e-01	2.17405567e-03
5.88991404e-01	1.02866255e-01	2.18552700e-03
5.89452446e-01	1.00404158e-01	2.18258472e-03
5.89913547e-01	1.01067699e-01	2.19157757e-03
5.90374589e-01	9.89141613e-02	2.18775473e-03
5.90835631e-01	9.85796973e-02	2.19192216e-03
5.91296673e-01	9.99201760e-02	2.20361934e-03
5.91757715e-01	9.92271230e-02	2.20700027e-03
5.92218816e-01	1.00011945e-01	2.21462292e-03
5.92679858e-01	1.02638111e-01	2.23151781e-03
5.93140900e-01	1.01004168e-01	2.22961837e-03
5.93601942e-01	1.00972414e-01	2.23908061e-03
5.94062984e-01	9.92755741e-02	2.23754975e-03
5.94524086e-01	9.75579321e-02	2.23531039e-03
5.94985127e-01	1.00042865e-01	2.25198595e-03
5.95446169e-01	1.00735642e-01	2.26118648e-03
5.95907211e-01	9.92219597e-02	2.26195832e-03
5.96368253e-01	9.96651798e-02	2.27078097e-03
5.96829355e-01	9.97584015e-02	2.27687415e-03
5.97290397e-01	9.77831930e-02	2.27477564e-03
5.97751439e-01	9.71860588e-02	2.28011957e-03
5.98212481e-01	9.85304415e-02	2.29041604e-03
5.98673582e-01	9.87210870e-02	2.29817652e-03
5.99134624e-01	9.83904973e-02	2.30484037e-03
5.99595666e-01	9.62937027e-02	2.30222777e-03
6.00056708e-01	9.73682851e-02	2.31384439e-03
6.00517750e-01	9.76128131e-02	2.32091267e-03
6.00978851e-01	9.75619629e-02	2.32544402e-03
6.01439893e-01	9.79930609e-02	2.33320217e-03
6.01900935e-01	1.00389086e-01	2.35142466e-03
6.02361977e-01	9.87223983e-02	2.35040439e-03
6.02823019e-01	9.71239358e-02	2.35237461e-03
6.03284121e-01	9.73109081e-02	2.35958723e-03
6.03745162e-01	9.82201248e-02	2.37104762e-03
6.04206204e-01	9.81498808e-02	2.38066539e-03
6.04667246e-01	9.63019729e-02	2.37573544e-03
6.05128288e-01	9.75217670e-02	2.38731946e-03
6.05589390e-01	9.72268134e-02	2.39380007e-03
6.06050432e-01	9.71898809e-02	2.39910791e-03
6.06511474e-01	9.80935693e-02	2.40776897e-03
6.06972516e-01	9.92922038e-02	2.41857255e-03
6.07433617e-01	9.71462056e-02	2.41533597e-03
6.07894659e-01	9.52801853e-02	2.41102977e-03
6.08355701e-01	9.63843614e-02	2.42414814e-03
6.08816743e-01	9.46646929e-02	2.42197933e-03
6.09277785e-01	9.48217437e-02	2.42901570e-03
6.09738886e-01	9.45082381e-02	2.43458897e-03
6.10199928e-01	9.71053615e-02	2.45107617e-03
6.10660970e-01	9.71271396e-02	2.45533464e-03
6.11122012e-01	9.49150100e-02	2.45242054e-03
6.11583054e-01	9.58012342e-02	2.46019196e-03
6.12044156e-01	9.75972787e-02	2.47402792e-03
6.12505198e-01	9.58684310e-02	2.47326586e-03
6.12966239e-01	9.56579819e-02	2.48068478e-03
6.13427281e-01	9.43959802e-02	2.48059770e-03
6.13888323e-01	9.36673656e-02	2.48316582e-03
6.14349425e-01	9.77079049e-02	2.50898837e-03
6.14810467e-01	9.48107243e-02	2.49971962e-03
6.15271509e-01	9.42133665e-02	2.50832038e-03
6.15732551e-01	9.59468409e-02	2.52459757e-03
6.16193652e-01	9.48167294e-02	2.52642715e-03
6.16654694e-01	9.42145586e-02	2.53241789e-03
6.17115736e-01	9.54060405e-02	2.54582753e-03
6.17576778e-01	9.48337615e-02	2.54823756e-03
6.18037820e-01	9.50678363e-02	2.56226328e-03
6.18498921e-01	9.11435261e-02	2.55093793e-03
6.18959963e-01	9.28706154e-02	2.56716227e-03
6.19421005e-01	9.50497985e-02	2.58532073e-03
6.19882047e-01	9.21109840e-02	2.57830578e-03
6.20343089e-01	9.29998532e-02	2.59252754e-03
6.20804191e-01	9.55489129e-02	2.61390279e-03
6.21265233e-01	9.43590552e-02	2.61518569e-03
6.21726274e-01	9.34547633e-02	2.62105418e-03
6.22187316e-01	9.09645110e-02	2.61943485e-03
6.22648358e-01	9.04070362e-02	2.62462790e-03
6.23109460e-01	9.41006988e-02	2.64947955e-03
6.23570502e-01	9.39915031e-02	2.65760859e-03
6.24031544e-01	9.20389146e-02	2.65988195e-03
6.24492586e-01	9.14716125e-02	2.66830670e-03
6.24953628e-01	9.25220400e-02	2.68212659e-03
6.25414729e-01	9.04808789e-02	2.67764414e-03
6.25875771e-01	9.23684090e-02	2.69858260e-03
6.26336813e-01	9.14998874e-02	2.70438171e-03
6.26797855e-01	9.20721591e-02	2.71928706e-03
6.27258956e-01	9.21894982e-02	2.72616278e-03
6.27719998e-01	9.40114111e-02	2.74366629e-03
6.28181040e-01	9.34424400e-02	2.75113410e-03
6.28642082e-01	9.42962244e-02	2.76405714e-03
6.29103124e-01	9.26828831e-02	2.76463642e-03
6.29564226e-01	9.50790718e-02	2.78902240e-03
6.30025268e-01	9.19633210e-02	2.77888216e-03
6.30486310e-01	9.29556340e-02	2.79479846e-03
6.30947351e-01	9.32266712e-02	2.80305883e-03
6.31408393e-01	9.22818929e-02	2.80982279e-03
6.31869495e-01	9.17070061e-02	2.81478115e-03
6.32330537e-01	9.21324939e-02	2.82304129e-03
6.32791579e-01	9.37318131e-02	2.84360186e-03
6.33252621e-01	9.29700285e-02	2.84289988e-03
6.33713663e-01	9.29683298e-02	2.85373139e-03
6.34174764e-01	9.05842185e-02	2.85076909e-03
6.34635806e-01	9.22434777e-02	2.86828121e-03
6.35096848e-01	9.38639492e-02	2.88593466e-03
6.35557890e-01	9.10431221e-02	2.87835998e-03
6.36018991e-01	9.16304439e-02	2.89408723e-03
6.36480033e-01	9.04302448e-02	2.89150397e-03
6.36941075e-01	9.36511606e-02	2.92281737e-03
6.37402117e-01	9.13806260e-02	2.91752024e-03
6.37863159e-01	9.10293311e-02	2.92424625e-03
6.38324261e-01	9.08792764e-02	2.93683191e-03
6.38785303e-01	8.78482088e-02	2.92397430e-03
6.39246345e-01	9.15144533e-02	2.95744603e-03
6.39707386e-01	8.79768804e-02	2.94483686e-03
6.40168428e-01	9.07808170e-02	2.97162728e-03
6.40629530e-01	8.85161012e-02	2.97027570e-03
6.41090572e-01	8.79172161e-02	2.97769555e-03
6.41551614e-01	8.92805234e-02	2.99225445e-03
6.42012656e-01	8.99094120e-02	3.00738076e-03
6.42473698e-01	8.73964056e-02	2.99887499e-03
6.42934799e-01	8.94864351e-02	3.02583282e-03
6.43395841e-01	8.88596624e-02	3.03276861e-03
6.43856883e-01	8.88351798e-02	3.04170139e-03
6.44317925e-01	8.98051634e-02	3.05743003e-03
6.44779027e-01	8.78198370e-02	3.05383606e-03
6.45240068e-01	9.13303122e-02	3.09113925e-03
6.45701110e-01	8.75387490e-02	3.07614706e-03
6.46162152e-01	8.82500410e-02	3.09537258e-03
6.46623194e-01	8.73215348e-02	3.10123316e-03
6.47084296e-01	9.02808309e-02	3.12144984e-03
6.47545338e-01	8.91548023e-02	3.12460889e-03
6.48006380e-01	8.71789679e-02	3.12908622e-03
6.48467422e-01	8.80343169e-02	3.14313057e-03
6.48928463e-01	8.84723216e-02	3.15776514e-03
6.49389565e-01	8.93038437e-02	3.16965766e-03
6.49850607e-01	9.16325599e-02	3.19618592e-03
6.50311649e-01	9.18887705e-02	3.20951198e-03
6.50772691e-01	8.79462957e-02	3.19592538e-03
6.51233733e-01	8.85773450e-02	3.22098355e-03
6.51694834e-01	8.75232369e-02	3.22505017e-03
6.52155876e-01	8.86214077e-02	3.23925354e-03
6.52616918e-01	8.90467390e-02	3.24825011e-03
6.53077960e-01	9.07102451e-02	3.27873928e-03
6.53539002e-01	8.67086649e-02	3.26414546e-03
6.54000103e-01	8.86479840e-02	3.28985532e-03
6.54461145e-01	8.56495276e-02	3.28564015e-03
6.54922187e-01	8.55156183e-02	3.29758599e-03
6.55383229e-01	9.07721445e-02	3.34347459e-03
6.55844331e-01	8.94264430e-02	3.34149739e-03
6.56305373e-01	8.82166475e-02	3.34766321e-03
6.56766415e-01	9.03214216e-02	3.38248909e-03
6.57227457e-01	8.96907896e-02	3.38994339e-03
6.57688498e-01	8.76922160e-02	3.38319177e-03
6.58149600e-01	8.74798745e-02	3.39974416e-03
6.58610642e-01	8.94359499e-02	3.43097979e-03
6.59071684e-01	8.75119567e-02	3.42729548e-03
6.59532726e-01	8.62956792e-02	3.43710114e-03
6.59993768e-01	8.83801430e-02	3.46622011e-03
6.60454869e-01	8.91885608e-02	3.48268892e-03
6.60915911e-01	8.89759213e-02	3.49712884e-03
6.61376953e-01	8.46168995e-02	3.48410872e-03
6.61837995e-01	8.60252380e-02	3.50854220e-03
6.62299037e-01	8.82309899e-02	3.53270094e-03
6.62760139e-01	8.59846026e-02	3.53606418e-03
6.63221180e-01	8.61400515e-02	3.55354627e-03
6.63682222e-01	8.52183774e-02	3.56289255e-03
6.64143264e-01	8.63607749e-02	3.58779961e-03
6.64604366e-01	8.54443461e-02	3.59316403e-03
6.65065408e-01	8.69684070e-02	3.62390722e-03
6.65526450e-01	8.60746801e-02	3.62672471e-03
6.65987492e-01	8.55044350e-02	3.64794908e-03
6.66448534e-01	8.42692107e-02	3.65647813e-03
6.66909635e-01	8.98698345e-02	3.70741822e-03
6.67370677e-01	8.62685293e-02	3.69105604e-03
6.67831719e-01	8.61413702e-02	3.71408602e-03
6.68292761e-01	8.45615119e-02	3.72263649e-03
6.68753803e-01	8.91974717e-02	3.77073744e-03
6.69214904e-01	8.97212401e-02	3.78734572e-03
6.69675946e-01	8.57809633e-02	3.78391473e-03
6.70136988e-01	8.53705555e-02	3.80028482e-03
6.70598030e-01	8.63571092e-02	3.83072766e-03
6.71059072e-01	8.22155327e-02	3.81933851e-03
6.71520174e-01	8.48315209e-02	3.85851529e-03
6.71981215e-01	8.48397538e-02	3.87539016e-03
6.72442257e-01	8.20900649e-02	3.87734245e-03
6.72903299e-01	8.19669515e-02	3.89724527e-03
6.73364401e-01	8.64472687e-02	3.94696929e-03
6.73825443e-01	8.89790878e-02	3.98307759e-03
6.74286485e-01	8.63985196e-02	3.99047881e-03
6.74747527e-01	8.58911499e-02	4.00589965e-03
6.75208569e-01	8.34581777e-02	4.01504245e-03
6.75669670e-01	8.23426992e-02	4.02279943e-03
6.76130712e-01	8.61555412e-02	4.07254044e-03
6.76591754e-01	8.48333612e-02	4.09129402e-03
6.77052796e-01	8.88545141e-02	4.14091721e-03
6.77513838e-01	9.02695879e-02	4.17880947e-03
6.77974939e-01	8.29066560e-02	4.14084736e-03
6.78435981e-01	8.62185583e-02	4.20248182e-03
6.78897023e-01	8.34975317e-02	4.19894094e-03
6.79358065e-01	8.49344879e-02	4.23548697e-03
6.79819107e-01	8.55922252e-02	4.27314453e-03
6.80280209e-01	8.38143080e-02	4.28377138e-03
6.80741251e-01	8.11946839e-02	4.28472506e-03
6.81202292e-01	8.60446095e-02	4.35006712e-03
6.81663334e-01	8.47513229e-02	4.36271960e-03
6.82124376e-01	8.26096982e-02	4.37757792e-03
6.82585478e-01	8.49510804e-02	4.42328956e-03
6.83046520e-01	8.61190110e-02	4.46641631e-03
6.83507562e-01	8.37609768e-02	4.47032647e-03
6.83968604e-01	8.50266665e-02	4.50790813e-03
6.84429705e-01	8.76503736e-02	4.56939545e-03
6.84890747e-01	8.20032731e-02	4.54074424e-03
6.85351789e-01	8.26680958e-02	4.59303614e-03
6.85812831e-01	8.41785595e-02	4.63875663e-03
6.86273873e-01	8.20886493e-02	4.64718742e-03
6.86734974e-01	8.15688223e-02	4.68114205e-03
6.87196016e-01	8.21901411e-02	4.71509388e-03
6.87657058e-01	8.55088681e-02	4.78968164e-03
6.88118100e-01	8.25757235e-02	4.78905998e-03
6.88579142e-01	8.33404139e-02	4.83207172e-03
6.89040244e-01	8.29895213e-02	4.86812275e-03
6.89501286e-01	8.09894949e-02	4.88977600e-03
6.89962327e-01	8.04570168e-02	4.93135303e-03
6.90423369e-01	7.97466189e-02	4.94085718e-03
6.90884411e-01	7.83190131e-02	4.94786678e-03
6.91345513e-01	8.19461495e-02	5.02427248e-03
6.91806555e-01	8.32789391e-02	5.06518967e-03
6.92267597e-01	7.99249560e-02	5.06933779e-03
6.92728639e-01	7.99329132e-02	5.08728297e-03
6.93189740e-01	8.16229358e-02	5.13090100e-03
6.93650782e-01	7.94543996e-02	5.15382690e-03
6.94111824e-01	8.31484422e-02	5.22273686e-03
6.94572866e-01	8.25395733e-02	5.24602551e-03
6.95033908e-01	8.29291195e-02	5.27665392e-03
6.95495009e-01	8.25886577e-02	5.30550350e-03
6.95956051e-01	7.80450404e-02	5.29462984e-03
6.96417093e-01	8.21956918e-02	5.36632072e-03
6.96878135e-01	7.92896822e-02	5.38172107e-03
6.97339177e-01	7.93341845e-02	5.43102529e-03
6.97800279e-01	8.00545067e-02	5.47515461e-03
6.98261321e-01	8.40895176e-02	5.52818086e-03
6.98722363e-01	8.18129331e-02	5.53176645e-03
6.99183404e-01	8.29113945e-02	5.61966840e-03
6.99644446e-01	8.07845443e-02	5.60696144e-03
7.00105548e-01	8.87522325e-02	5.74479392e-03
7.00566590e-01	7.82073215e-02	5.66198211e-03
7.01027632e-01	8.27476233e-02	5.76178590e-03
7.01488674e-01	8.39759260e-02	5.80992643e-03
7.01949775e-01	8.51089135e-02	5.86613826e-03
7.02410817e-01	8.21051598e-02	5.88616636e-03
7.02871859e-01	8.76229703e-02	5.98766049e-03
7.03332901e-01	8.45304132e-02	5.99228404e-03
7.03793943e-01	7.15165064e-02	5.89647936e-03
7.04255044e-01	8.21875706e-02	6.07959367e-03
7.04716086e-01	8.37981924e-02	6.13029767e-03
7.05177128e-01	7.66824782e-02	6.09573117e-03
7.05638170e-01	7.71993324e-02	6.16909191e-03
7.06099212e-01	8.15133676e-02	6.27757143e-03
7.06560314e-01	7.90620223e-02	6.25786325e-03
7.07021356e-01	7.65237361e-02	6.25333423e-03
7.07482398e-01	7.98217133e-02	6.34244829e-03
7.07943439e-01	8.10051337e-02	6.37129322e-03
7.08404481e-01	8.26814696e-02	6.43266737e-03
7.08865583e-01	7.74802789e-02	6.38888776e-03
7.09326625e-01	8.26192498e-02	6.48455089e-03
7.09787667e-01	7.83376545e-02	6.44321460e-03
7.10248709e-01	8.03398564e-02	6.50362438e-03
7.10709751e-01	8.05830359e-02	6.57688919e-03
7.11170852e-01	7.50181079e-02	6.52452698e-03
7.11631894e-01	7.85292313e-02	6.60932343e-03
7.12092936e-01	7.52240866e-02	6.56287232e-03
7.12553978e-01	8.36550444e-02	6.71332842e-03
7.13015079e-01	7.71758407e-02	6.66453317e-03
7.13476121e-01	7.55544454e-02	6.69483840e-03
7.13937163e-01	7.35203549e-02	6.69697812e-03
7.14398205e-01	7.82177597e-02	6.79935375e-03
7.14859247e-01	7.27742463e-02	6.75772969e-03
7.15320349e-01	7.46603757e-02	6.82142749e-03
7.15781391e-01	7.90601373e-02	6.91141281e-03
7.16242433e-01	7.93452412e-02	6.93598390e-03
7.16703475e-01	8.24093074e-02	7.02022016e-03
7.17164516e-01	7.28288516e-02	6.92856079e-03
7.17625618e-01	8.00529942e-02	7.10591394e-03
7.18086660e-01	7.96578228e-02	7.09591946e-03
7.18547702e-01	8.13378841e-02	7.17454264e-03
7.19008744e-01	8.17453042e-02	7.22320471e-03
7.19469786e-01	7.76889324e-02	7.21023977e-03
7.19930887e-01	7.89990127e-02	7.27133360e-03
7.20391929e-01	7.93415606e-02	7.29969610e-03
7.20852971e-01	8.47129673e-02	7.42606586e-03
7.21314013e-01	8.19346085e-02	7.40215275e-03
7.21775115e-01	8.46514851e-02	7.52032688e-03
7.22236156e-01	7.70990103e-02	7.47222826e-03
7.22697198e-01	7.89453387e-02	7.51235848e-03
7.23158240e-01	8.07497352e-02	7.60017475e-03
7.23619282e-01	7.19293877e-02	7.51924003e-03
7.24080384e-01	8.13461840e-02	7.72027159e-03
7.24541426e-01	7.73026943e-02	7.70952180e-03
7.25002468e-01	7.65023232e-02	7.75999716e-03
7.25463510e-01	8.38742480e-02	7.93967955e-03
7.25924551e-01	7.69579262e-02	7.85757229e-03
7.26385653e-01	7.62421191e-02	7.89863709e-03
7.26846695e-01	8.12948570e-02	8.04496277e-03
7.27307737e-01	7.40278736e-02	7.97311682e-03
7.27768779e-01	7.65354782e-02	8.13080464e-03
7.28229821e-01	7.82322064e-02	8.17543827e-03
7.28690922e-01	7.96307176e-02	8.24420527e-03
7.29151964e-01	8.18065554e-02	8.35746061e-03
7.29613006e-01	7.47568086e-02	8.26276839e-03
7.30074048e-01	8.19171220e-02	8.49463232e-03
7.30535090e-01	8.31309408e-02	8.54942109e-03
7.30996192e-01	7.95463249e-02	8.57332349e-03
7.31457233e-01	7.72054419e-02	8.62053130e-03
7.31918275e-01	7.35541582e-02	8.58914293e-03
7.32379317e-01	6.91298693e-02	8.63115024e-03
7.32840419e-01	7.06926435e-02	8.70642345e-03
7.33301461e-01	8.52966681e-02	9.05465800e-03
7.33762503e-01	7.91095048e-02	8.98186211e-03
7.34223545e-01	7.90497810e-02	9.08817165e-03
7.34684587e-01	8.34775269e-02	9.23492201e-03
7.35145688e-01	8.57515559e-02	9.35154501e-03
7.35606730e-01	8.22988451e-02	9.46195517e-03
7.36067772e-01	7.85667300e-02	9.40219220e-03
7.36528814e-01	8.58599469e-02	9.64122918e-03
7.36989856e-01	8.17321688e-02	9.71738994e-03
7.37450957e-01	8.39328915e-02	9.79212113e-03
7.37911999e-01	8.09185579e-02	9.87070519e-03
7.38373041e-01	7.57332072e-02	9.85984784e-03
7.38834083e-01	7.46428221e-02	9.92978178e-03
7.39295125e-01	8.00644681e-02	1.01873856e-02
7.39756227e-01	8.29101354e-02	1.03234369e-02
7.40217268e-01	7.57795274e-02	1.03547899e-02
7.40678310e-01	6.99811131e-02	1.03193326e-02
7.41139352e-01	6.54252023e-02	1.03572793e-02
7.41600454e-01	7.04366118e-02	1.05961468e-02
7.42061496e-01	7.91579261e-02	1.08721983e-02
7.42522538e-01	7.30738714e-02	1.09882448e-02
7.42983580e-01	8.03277865e-02	1.12056835e-02
7.43444622e-01	7.91439936e-02	1.13489907e-02
7.43905723e-01	6.57865852e-02	1.12224044e-02
7.44366765e-01	8.57674330e-02	1.17789861e-02
7.44827807e-01	8.37564319e-02	1.19254272e-02
7.45288849e-01	8.97034630e-02	1.22653246e-02
7.45749891e-01	7.41956234e-02	1.20874671e-02
7.46210992e-01	7.52371326e-02	1.23393126e-02
7.46672034e-01	8.20730776e-02	1.26547487e-02
7.47133076e-01	7.72919804e-02	1.28825214e-02
7.47594118e-01	7.67162591e-02	1.30892005e-02
7.48055160e-01	8.17770064e-02	1.35076819e-02
7.48516262e-01	7.20921904e-02	1.34076402e-02
7.48977304e-01	7.76063278e-02	1.38281286e-02
7.49438345e-01	7.77558312e-02	1.41583439e-02
7.49899387e-01	8.64978209e-02	1.46854762e-02
7.50360489e-01	9.39093977e-02	1.53201343e-02
7.50821531e-01	8.54257345e-02	1.53693631e-02
7.51282573e-01	7.59604946e-02	1.54510066e-02
7.51743615e-01	7.33371526e-02	1.59620848e-02
7.52204657e-01	7.47936517e-02	1.63300186e-02
7.52665758e-01	6.85326606e-02	1.66356396e-02
7.53126800e-01	8.88046473e-02	1.79627575e-02
7.53587842e-01	8.38887691e-02	1.82752721e-02
7.54048884e-01	5.87143190e-02	1.81956682e-02
7.54509926e-01	6.03036173e-02	1.88159384e-02
7.54971027e-01	9.89049077e-02	2.13898029e-02
7.55432069e-01	7.13068396e-02	2.10101623e-02
7.55893111e-01	6.88087717e-02	2.20620986e-02
7.56354153e-01	5.93074262e-02	2.29124315e-02
7.56815195e-01	9.39898863e-02	2.59627737e-02
7.57276297e-01	8.94509405e-02	2.77027600e-02
7.57737339e-01	8.47180262e-02	2.98883878e-02
7.58198380e-01	7.51252547e-02	3.22705656e-02
7.58659422e-01	7.77213052e-02	3.82747315e-02
7.59120464e-01	7.45469481e-02	4.42042463e-02
7.59581566e-01	1.24078229e-01	6.25745729e-02
7.60042608e-01	1.40731454e-01	1.15229905e-01
