q[nm-1]	I(q)[sr-1]_Rocca_10m_eiger2_00013_00_00001_av_ave.h5_00001_[NS13_25C]_trm=0.871994	error
6.67967554e-03	1.00069766e+04	5.41926575e+00
7.14073004e-03	7.41713184e+03	2.99923825e+00
7.60178454e-03	5.58698682e+03	2.21096849e+00
8.06283858e-03	4.38015723e+03	1.75558698e+00
8.52389354e-03	3.45617773e+03	1.43817353e+00
8.98494758e-03	2.79796533e+03	1.21212721e+00
9.44600254e-03	2.29164062e+03	1.03593183e+00
9.90705658e-03	1.85482288e+03	8.83280098e-01
1.03681115e-02	1.52574585e+03	7.65105367e-01
1.08291656e-02	1.28791724e+03	6.76867008e-01
1.12902196e-02	1.08034473e+03	5.96254230e-01
1.17512746e-02	9.23562378e+02	5.32980382e-01
1.22123286e-02	7.85487732e+02	4.75259006e-01
1.26733836e-02	6.74800659e+02	4.27567422e-01
1.31344376e-02	5.83665894e+02	3.87160599e-01
1.35954916e-02	5.04791931e+02	3.50678384e-01
1.40565466e-02	4.40955078e+02	3.19809824e-01
1.45176006e-02	3.84437927e+02	2.91496694e-01
1.49786556e-02	3.37711975e+02	2.66981512e-01
1.54397096e-02	3.00440887e+02	2.46479586e-01
1.59007646e-02	2.66792999e+02	2.27431655e-01
1.63618177e-02	2.38460770e+02	2.10972756e-01
1.68228727e-02	2.12466064e+02	1.95401460e-01
1.72839276e-02	1.90156830e+02	1.81580558e-01
1.77449826e-02	1.70161331e+02	1.68796673e-01
1.82060357e-02	1.52663361e+02	1.54840127e-01
1.86670907e-02	1.37982498e+02	1.40541285e-01
1.91281457e-02	1.25304153e+02	1.29918516e-01
1.95891988e-02	1.12928566e+02	1.20724812e-01
2.00502537e-02	1.03361893e+02	1.14093505e-01
2.05113087e-02	9.45625687e+01	1.07744731e-01
2.09723637e-02	8.64235916e+01	1.01808034e-01
2.14334168e-02	7.96852722e+01	9.67077315e-02
2.18944717e-02	7.34469910e+01	9.16398019e-02
2.23555267e-02	6.83174057e+01	8.73161107e-02
2.28165798e-02	6.33355408e+01	8.29598829e-02
2.32776348e-02	5.82138138e+01	7.86415264e-02
2.37386897e-02	5.38859749e+01	7.48985782e-02
2.41997447e-02	5.02132797e+01	7.16280788e-02
2.46607978e-02	4.66334114e+01	6.83318824e-02
2.51218528e-02	4.35301933e+01	6.53744489e-02
2.55829077e-02	4.07408943e+01	6.26901910e-02
2.60439608e-02	3.81146927e+01	6.00494519e-02
2.65050158e-02	3.58318863e+01	5.76836839e-02
2.69660708e-02	3.37946663e+01	5.55576161e-02
2.74271239e-02	3.17346745e+01	5.33987693e-02
2.78881788e-02	2.96236629e+01	5.10959923e-02
2.83492338e-02	2.81806755e+01	4.94875722e-02
2.88102888e-02	2.64399509e+01	4.74971756e-02
2.92713419e-02	2.48590984e+01	4.57068868e-02
2.97323968e-02	2.35145969e+01	4.41117361e-02
3.01934518e-02	2.22828293e+01	4.26154882e-02
3.06545049e-02	2.11452179e+01	4.14677784e-02
3.11155599e-02	1.99882088e+01	4.08344083e-02
3.15766148e-02	1.89949913e+01	4.00639251e-02
3.20376679e-02	1.81488781e+01	3.92737016e-02
3.24987248e-02	1.73420258e+01	3.84416655e-02
3.29597779e-02	1.65619259e+01	3.76049243e-02
3.34208310e-02	1.58991652e+01	3.68293598e-02
3.38818878e-02	1.52197590e+01	3.59989032e-02
3.43429409e-02	1.44950848e+01	3.50720957e-02
3.48039940e-02	1.40634708e+01	3.45474705e-02
3.52650508e-02	1.35410414e+01	3.38617340e-02
3.57261039e-02	1.30112858e+01	3.31315733e-02
3.61871570e-02	1.25667191e+01	3.25041376e-02
3.66482139e-02	1.21402636e+01	3.18458267e-02
3.71092670e-02	1.18379240e+01	3.14185992e-02
3.75703238e-02	1.14386635e+01	3.08188144e-02
3.80313769e-02	1.11105881e+01	3.03275436e-02
3.84924300e-02	1.08206654e+01	2.98394468e-02
3.89534868e-02	1.05562725e+01	2.93966439e-02
3.94145399e-02	1.02264481e+01	2.88593583e-02
3.98755930e-02	1.00296726e+01	2.85083614e-02
4.03366499e-02	9.92384243e+00	2.82983277e-02
4.07977030e-02	9.77063656e+00	2.80096289e-02
4.12587561e-02	9.63825798e+00	2.77212355e-02
4.17198129e-02	9.45602036e+00	2.73649339e-02
4.21808660e-02	9.31786728e+00	2.70917807e-02
4.26419191e-02	9.20519447e+00	2.68443171e-02
4.31029759e-02	9.10743618e+00	2.66390387e-02
4.35640290e-02	9.06781578e+00	2.64955405e-02
4.40250821e-02	9.04427528e+00	2.63732225e-02
4.44861390e-02	9.02867317e+00	2.62837894e-02
4.49471921e-02	9.00523186e+00	2.61629522e-02
4.54082489e-02	9.01695728e+00	2.60679368e-02
4.58693020e-02	9.08830452e+00	2.61252522e-02
4.63303551e-02	9.02419853e+00	2.59496626e-02
4.67914119e-02	9.09660721e+00	2.59819236e-02
4.72524650e-02	9.14024639e+00	2.59428080e-02
4.77135181e-02	9.26021194e+00	2.60454826e-02
4.81745750e-02	9.38487816e+00	2.61172913e-02
4.86356281e-02	9.45682240e+00	2.56517194e-02
4.90966812e-02	9.52057743e+00	2.51945760e-02
4.95577380e-02	9.65650082e+00	2.50310898e-02
5.00187911e-02	9.75054741e+00	2.48265527e-02
5.04798442e-02	1.00129433e+01	2.53221802e-02
5.09409010e-02	1.01509962e+01	2.56865285e-02
5.14019541e-02	1.03242865e+01	2.59226467e-02
5.18630110e-02	1.05281439e+01	2.61649992e-02
5.23240641e-02	1.07550936e+01	2.64302976e-02
5.27851172e-02	1.09198847e+01	2.65811123e-02
5.32461740e-02	1.11127272e+01	2.67600231e-02
5.37072271e-02	1.13330622e+01	2.69623064e-02
5.41682802e-02	1.15214577e+01	2.71336846e-02
5.46293370e-02	1.17057657e+01	2.72545554e-02
5.50903901e-02	1.20456257e+01	2.76036523e-02
5.55514432e-02	1.22927580e+01	2.78123058e-02
5.60125001e-02	1.25321445e+01	2.75731143e-02
5.64735532e-02	1.27173481e+01	2.71743592e-02
5.69346063e-02	1.29825516e+01	2.71289796e-02
5.73956631e-02	1.31048918e+01	2.69315988e-02
5.78567162e-02	1.33811216e+01	2.69700475e-02
5.83177693e-02	1.36635761e+01	2.69918777e-02
5.87788261e-02	1.38675365e+01	2.69745439e-02
5.92398793e-02	1.40777254e+01	2.69591808e-02
5.97009361e-02	1.42426300e+01	2.68449597e-02
6.01619892e-02	1.44569340e+01	2.68199835e-02
6.06230423e-02	1.46807919e+01	2.68147290e-02
6.10840991e-02	1.48727465e+01	2.67664250e-02
6.15451522e-02	1.50035963e+01	2.66710911e-02
6.20062053e-02	1.51513872e+01	2.66058855e-02
6.24672621e-02	1.53258591e+01	2.65572183e-02
6.29283190e-02	1.53895931e+01	2.64267437e-02
6.33893684e-02	1.54037952e+01	2.62679663e-02
6.38504252e-02	1.55149508e+01	2.61959694e-02
6.43114820e-02	1.55723324e+01	2.60942373e-02
6.47725314e-02	1.55617199e+01	2.59550754e-02
6.52335882e-02	1.55489521e+01	2.58275308e-02
6.56946450e-02	1.55781355e+01	2.57343557e-02
6.61556944e-02	1.54931545e+01	2.55045798e-02
6.66167513e-02	1.54077892e+01	2.53394544e-02
6.70778081e-02	1.52531490e+01	2.50962190e-02
6.75388575e-02	1.51519756e+01	2.48848870e-02
6.79999143e-02	1.49924717e+01	2.46406756e-02
6.84609711e-02	1.47865782e+01	2.43612491e-02
6.89220205e-02	1.46257095e+01	2.41072122e-02
6.93830773e-02	1.44366941e+01	2.38511376e-02
6.98441342e-02	1.41424026e+01	2.35139262e-02
7.03051835e-02	1.39386320e+01	2.32822187e-02
7.07662404e-02	1.37028303e+01	2.30236836e-02
7.12272972e-02	1.33355532e+01	2.26272419e-02
7.16883466e-02	1.31072712e+01	2.23899521e-02
7.21494034e-02	1.27462425e+01	2.20064633e-02
7.26104602e-02	1.24299431e+01	2.16777585e-02
7.30715096e-02	1.20707245e+01	2.12989561e-02
7.35325664e-02	1.17178097e+01	2.09341999e-02
7.39936233e-02	1.13807602e+01	2.05666963e-02
7.44546726e-02	1.10824089e+01	2.02505067e-02
7.49157295e-02	1.06835909e+01	1.97786950e-02
7.53767863e-02	1.03410206e+01	1.94022860e-02
7.58378357e-02	9.95954990e+00	1.89725980e-02
7.62988925e-02	9.64154530e+00	1.86082684e-02
7.67599493e-02	9.27073479e+00	1.81826260e-02
7.72210062e-02	8.91295052e+00	1.77736208e-02
7.76820555e-02	8.55280209e+00	1.73570514e-02
7.81431124e-02	8.18056679e+00	1.69152319e-02
7.86041692e-02	7.89895105e+00	1.65990964e-02
7.90652186e-02	7.55450153e+00	1.61775108e-02
7.95262754e-02	7.23912716e+00	1.57936327e-02
7.99873322e-02	6.94996548e+00	1.54350149e-02
8.04483816e-02	6.65218496e+00	1.50599387e-02
8.09094384e-02	6.35715580e+00	1.46825667e-02
8.13704953e-02	6.11122608e+00	1.43554779e-02
8.18315446e-02	5.86039925e+00	1.40227200e-02
8.22926015e-02	5.57975626e+00	1.36477593e-02
8.27536583e-02	5.29198170e+00	1.32709863e-02
8.32147077e-02	5.06319571e+00	1.29612740e-02
8.36757645e-02	4.85514355e+00	1.26429927e-02
8.41368213e-02	4.65755129e+00	1.23600708e-02
8.45978707e-02	4.45702362e+00	1.20653529e-02
8.50589275e-02	4.23455286e+00	1.17264483e-02
8.55199844e-02	4.07474852e+00	1.14975236e-02
8.59810337e-02	3.88605189e+00	1.11960303e-02
8.64420906e-02	3.72748423e+00	1.09526766e-02
8.69031474e-02	3.55266643e+00	1.06691997e-02
8.73641968e-02	3.37857819e+00	1.03856903e-02
8.78252536e-02	3.25611496e+00	1.01841912e-02
8.82863104e-02	3.13416886e+00	9.97741614e-03
8.87473598e-02	3.01351118e+00	9.76957195e-03
8.92084166e-02	2.89085484e+00	9.55014303e-03
8.96694735e-02	2.78295302e+00	9.36594512e-03
9.01305228e-02	2.67545891e+00	9.16348863e-03
9.05915797e-02	2.57334518e+00	8.97800736e-03
9.10526365e-02	2.47320247e+00	8.79339688e-03
9.15136859e-02	2.39155889e+00	8.63247551e-03
9.19747427e-02	2.32541394e+00	8.50299094e-03
9.24357995e-02	2.22785401e+00	8.30932055e-03
9.28968564e-02	2.14530492e+00	8.14859848e-03
9.33579057e-02	2.09107161e+00	8.03926867e-03
9.38189626e-02	2.02788019e+00	7.90921971e-03
9.42800194e-02	1.95221865e+00	7.74893025e-03
9.47410688e-02	1.89244151e+00	7.62228016e-03
9.52021256e-02	1.84751296e+00	7.52803683e-03
9.56631824e-02	1.79121077e+00	7.40244472e-03
9.61242318e-02	1.73615909e+00	7.27547426e-03
9.65852886e-02	1.69035125e+00	7.18429917e-03
9.70463455e-02	1.64274371e+00	7.07716402e-03
9.75073949e-02	1.59680724e+00	6.96038827e-03
9.79684517e-02	1.55384982e+00	6.86155166e-03
9.84295085e-02	1.52664292e+00	6.79760333e-03
9.88905579e-02	1.48525488e+00	6.69708941e-03
9.93516147e-02	1.45096314e+00	6.61716377e-03
9.98126715e-02	1.42160964e+00	6.53806422e-03
1.00273721e-01	1.39391541e+00	6.47255778e-03
1.00734778e-01	1.34310126e+00	6.34456286e-03
1.01195835e-01	1.32264638e+00	6.29085535e-03
1.01656884e-01	1.29043031e+00	6.20761886e-03
1.02117941e-01	1.26331508e+00	6.14435272e-03
1.02578998e-01	1.24592125e+00	6.09456655e-03
1.03040047e-01	1.21696877e+00	6.01584185e-03
1.03501104e-01	1.19342422e+00	5.95417852e-03
1.03962161e-01	1.16834784e+00	5.87919634e-03
1.04423210e-01	1.15109634e+00	5.83251659e-03
1.04884267e-01	1.14524198e+00	5.81185427e-03
1.05345324e-01	1.11064219e+00	5.71310567e-03
1.05806373e-01	1.08735013e+00	5.65877790e-03
1.06267430e-01	1.06994975e+00	5.60266105e-03
1.06728487e-01	1.05749118e+00	5.56885079e-03
1.07189544e-01	1.03845286e+00	5.51252719e-03
1.07650593e-01	1.02761960e+00	5.47564449e-03
1.08111650e-01	1.01292300e+00	5.43179922e-03
1.08572707e-01	9.93228316e-01	5.37094381e-03
1.09033756e-01	9.78532314e-01	5.32819750e-03
1.09494813e-01	9.65214908e-01	5.28837973e-03
1.09955870e-01	9.49828625e-01	5.23686688e-03
1.10416919e-01	9.47683811e-01	5.22696925e-03
1.10877976e-01	9.25831437e-01	5.15938783e-03
1.11339033e-01	9.12424266e-01	5.11667738e-03
1.11800082e-01	9.04219449e-01	5.09031629e-03
1.12261139e-01	8.90336037e-01	5.04231919e-03
1.12722196e-01	8.82848144e-01	5.01374109e-03
1.13183245e-01	8.71340632e-01	4.97928169e-03
1.13644302e-01	8.58790040e-01	4.93820896e-03
1.14105359e-01	8.44607234e-01	4.89112129e-03
1.14566408e-01	8.36915851e-01	4.86717327e-03
1.15027465e-01	8.25432897e-01	4.82078688e-03
1.15488522e-01	8.23941112e-01	4.80858702e-03
1.15949571e-01	8.13872039e-01	4.77667106e-03
1.16410628e-01	7.98015952e-01	4.72664926e-03
1.16871685e-01	7.89696693e-01	4.69977036e-03
1.17332734e-01	7.78512120e-01	4.65820730e-03
1.17793791e-01	7.62025893e-01	4.61067585e-03
1.18254848e-01	7.58197367e-01	4.59701754e-03
1.18715897e-01	7.55600810e-01	4.57756594e-03
1.19176954e-01	7.49562800e-01	4.56000119e-03
1.19638011e-01	7.38901734e-01	4.51969542e-03
1.20099060e-01	7.28383601e-01	4.48191678e-03
1.20560117e-01	7.22768605e-01	4.46293503e-03
1.21021174e-01	7.15454459e-01	4.43315972e-03
1.21482231e-01	7.13273525e-01	4.42242017e-03
1.21943280e-01	7.06074595e-01	4.39443532e-03
1.22404337e-01	7.01121092e-01	4.37391456e-03
1.22865394e-01	6.89189613e-01	4.33277432e-03
1.23326443e-01	6.83808267e-01	4.31736233e-03
1.23787500e-01	6.71250224e-01	4.27305931e-03
1.24248557e-01	6.66871190e-01	4.25882638e-03
1.24709606e-01	6.57954335e-01	4.22323216e-03
1.25170663e-01	6.59451783e-01	4.22007451e-03
1.25631720e-01	6.50685728e-01	4.18861443e-03
1.26092777e-01	6.41447902e-01	4.16160375e-03
1.26553819e-01	6.33631766e-01	4.13060235e-03
1.27014875e-01	6.32468462e-01	4.12529800e-03
1.27475932e-01	6.17731452e-01	4.07508574e-03
1.27936989e-01	6.08910978e-01	4.04519308e-03
1.28398046e-01	6.10536456e-01	4.04736586e-03
1.28859103e-01	6.05308890e-01	4.01814934e-03
1.29320160e-01	6.02240384e-01	4.00452269e-03
1.29781201e-01	5.93382180e-01	3.97234038e-03
1.30242258e-01	5.95575452e-01	3.97469569e-03
1.30703315e-01	5.91952145e-01	3.95618519e-03
1.31164372e-01	5.77399194e-01	3.91005445e-03
1.31625429e-01	5.72719395e-01	3.89765832e-03
1.32086486e-01	5.68960428e-01	3.87689774e-03
1.32547528e-01	5.64061046e-01	3.85621749e-03
1.33008584e-01	5.55525303e-01	3.82551225e-03
1.33469641e-01	5.52577198e-01	3.81812570e-03
1.33930698e-01	5.41776240e-01	3.77925439e-03
1.34391755e-01	5.42092144e-01	3.77588952e-03
1.34852812e-01	5.38809955e-01	3.76260886e-03
1.35313854e-01	5.30091107e-01	3.72746540e-03
1.35774910e-01	5.30780852e-01	3.72844865e-03
1.36235967e-01	5.24538636e-01	3.70441633e-03
1.36697024e-01	5.18352926e-01	3.67781939e-03
1.37158081e-01	5.16083300e-01	3.67357722e-03
1.37619138e-01	5.05529702e-01	3.63534759e-03
1.38080180e-01	5.07846713e-01	3.63545166e-03
1.38541237e-01	5.04499912e-01	3.62149952e-03
1.39002293e-01	4.99606520e-01	3.60616110e-03
1.39463350e-01	4.86127764e-01	3.56016168e-03
1.39924407e-01	4.88626808e-01	3.56342900e-03
1.40385464e-01	4.89188910e-01	3.55753163e-03
1.40846506e-01	4.81842190e-01	3.53212585e-03
1.41307563e-01	4.75521266e-01	3.51319904e-03
1.41768619e-01	4.74902093e-01	3.50684416e-03
1.42229676e-01	4.73443180e-01	3.49695375e-03
1.42690733e-01	4.65637922e-01	3.46950255e-03
1.43151790e-01	4.65015262e-01	3.46275908e-03
1.43612847e-01	4.63628203e-01	3.45871295e-03
1.44073889e-01	4.52972949e-01	3.42272338e-03
1.44534945e-01	4.56750810e-01	3.42807663e-03
1.44996002e-01	4.54594046e-01	3.41784582e-03
1.45457059e-01	4.42585647e-01	3.37918242e-03
1.45918116e-01	4.43272978e-01	3.37595353e-03
1.46379173e-01	4.39431995e-01	3.35634826e-03
1.46840215e-01	4.42341506e-01	3.36706406e-03
1.47301272e-01	4.35745656e-01	3.34212789e-03
1.47762328e-01	4.33844566e-01	3.33430362e-03
1.48223385e-01	4.27682966e-01	3.30900541e-03
1.48684442e-01	4.28184032e-01	3.31125548e-03
1.49145499e-01	4.20433432e-01	3.27951461e-03
1.49606541e-01	4.19252694e-01	3.27506475e-03
1.50067598e-01	4.18592125e-01	3.26861860e-03
1.50528654e-01	4.19088066e-01	3.26658110e-03
1.50989711e-01	4.11602199e-01	3.24272923e-03
1.51450768e-01	4.09588963e-01	3.23435338e-03
1.51911825e-01	4.06457603e-01	3.21944919e-03
1.52372867e-01	4.01010424e-01	3.19671072e-03
1.52833924e-01	4.07872587e-01	3.21473670e-03
1.53294981e-01	4.04886335e-01	3.20113869e-03
1.53756037e-01	3.99096072e-01	3.18406709e-03
1.54217094e-01	3.93588334e-01	3.16324783e-03
1.54678151e-01	3.92215341e-01	3.15466477e-03
1.55139193e-01	3.92745227e-01	3.15154716e-03
1.55600250e-01	3.91321301e-01	3.14168492e-03
1.56061307e-01	3.94378662e-01	3.15052341e-03
1.56522363e-01	3.86407018e-01	3.11957859e-03
1.56983420e-01	3.88355672e-01	3.12518515e-03
1.57444477e-01	3.84627759e-01	3.10917851e-03
1.57905519e-01	3.82474333e-01	3.10256379e-03
1.58366576e-01	3.79073143e-01	3.08736856e-03
1.58827633e-01	3.76659513e-01	3.07682506e-03
1.59288689e-01	3.75252903e-01	3.07109253e-03
1.59749746e-01	3.73026133e-01	3.05911782e-03
1.60210803e-01	3.71644974e-01	3.04820458e-03
1.60671860e-01	3.75282705e-01	3.05781141e-03
1.61132902e-01	3.70020807e-01	3.04102269e-03
1.61593959e-01	3.70487332e-01	3.04026436e-03
1.62055016e-01	3.71866316e-01	3.03653209e-03
1.62516072e-01	3.68021131e-01	3.02044908e-03
1.62977129e-01	3.62690747e-01	3.00359400e-03
1.63438186e-01	3.60309899e-01	2.99349683e-03
1.63899228e-01	3.60128343e-01	2.98984814e-03
1.64360285e-01	3.58325750e-01	2.98005366e-03
1.64821342e-01	3.59721452e-01	2.98102340e-03
1.65282398e-01	3.56122136e-01	2.96768220e-03
1.65743455e-01	3.52795303e-01	2.95513077e-03
1.66204512e-01	3.49434674e-01	2.93977722e-03
1.66665554e-01	3.50485742e-01	2.93699396e-03
1.67126611e-01	3.51411998e-01	2.93591153e-03
1.67587668e-01	3.50593626e-01	2.92936922e-03
1.68048725e-01	3.47896338e-01	2.91692186e-03
1.68509781e-01	3.47398281e-01	2.91257491e-03
1.68970838e-01	3.47747892e-01	2.90646497e-03
1.69431880e-01	3.45383376e-01	2.89721368e-03
1.69892937e-01	3.38108540e-01	2.87393574e-03
1.70353994e-01	3.43050271e-01	2.88705225e-03
1.70815051e-01	3.41350317e-01	2.87537230e-03
1.71276107e-01	3.40035498e-01	2.86813569e-03
1.71737164e-01	3.39597344e-01	2.86150980e-03
1.72198206e-01	3.36835146e-01	2.85189482e-03
1.72659263e-01	3.34087044e-01	2.84145703e-03
1.73120320e-01	3.32130313e-01	2.83086696e-03
1.73581377e-01	3.36482644e-01	2.84180674e-03
1.74042434e-01	3.32049906e-01	2.82067852e-03
1.74503490e-01	3.34086001e-01	2.82444479e-03
1.74964547e-01	3.31125796e-01	2.81011220e-03
1.75425589e-01	3.27996552e-01	2.79595843e-03
1.75886646e-01	3.26749861e-01	2.78868503e-03
1.76347703e-01	3.24676216e-01	2.77896528e-03
1.76808760e-01	3.26959521e-01	2.78117298e-03
1.77269816e-01	3.24109226e-01	2.76953005e-03
1.77730873e-01	3.22591245e-01	2.76049529e-03
1.78191915e-01	3.22104275e-01	2.75456510e-03
1.78652972e-01	3.17709655e-01	2.73956312e-03
1.79114029e-01	3.19299877e-01	2.74200481e-03
1.79575086e-01	3.19276750e-01	2.73701758e-03
1.80036142e-01	3.17787319e-01	2.72850506e-03
1.80497199e-01	3.17368686e-01	2.72440398e-03
1.80958241e-01	3.15400094e-01	2.71380739e-03
1.81419298e-01	3.15792710e-01	2.71296827e-03
1.81880355e-01	3.13741446e-01	2.70506437e-03
1.82341412e-01	3.11549306e-01	2.69693369e-03
1.82802469e-01	3.11015904e-01	2.69002072e-03
1.83263525e-01	3.14612418e-01	2.69428780e-03
1.83724567e-01	3.11534882e-01	2.68322742e-03
1.84185624e-01	3.04252625e-01	2.66132434e-03
1.84646681e-01	3.06379735e-01	2.66380492e-03
1.85107738e-01	3.05140913e-01	2.65608798e-03
1.85568795e-01	3.06049734e-01	2.65607634e-03
1.86029851e-01	3.07435930e-01	2.65702372e-03
1.86490893e-01	3.04031670e-01	2.63895513e-03
1.86951950e-01	3.05013478e-01	2.64073908e-03
1.87413007e-01	3.04096371e-01	2.63567222e-03
1.87874064e-01	3.04995596e-01	2.63188547e-03
1.88335121e-01	3.05316299e-01	2.62955762e-03
1.88796178e-01	3.04233342e-01	2.62519112e-03
1.89257234e-01	2.95792997e-01	2.59585539e-03
1.89718276e-01	2.96065271e-01	2.59454781e-03
1.90179333e-01	2.95281351e-01	2.58906698e-03
1.90640390e-01	2.93037057e-01	2.57946923e-03
1.91101447e-01	2.92804211e-01	2.57673091e-03
1.91562504e-01	2.91969687e-01	2.57317442e-03
1.92023560e-01	2.90430486e-01	2.56375363e-03
1.92484602e-01	2.91302443e-01	2.56079948e-03
1.92945659e-01	2.93451130e-01	2.56341277e-03
1.93406716e-01	2.89540112e-01	2.55103922e-03
1.93867773e-01	2.86300957e-01	2.54036998e-03
1.94328830e-01	2.87037760e-01	2.53959326e-03
1.94789886e-01	2.87717909e-01	2.53850012e-03
1.95250928e-01	2.87849694e-01	2.53370916e-03
1.95711985e-01	2.86778510e-01	2.52869399e-03
1.96173042e-01	2.85755813e-01	2.52338918e-03
1.96634099e-01	2.85377055e-01	2.51877378e-03
1.97095156e-01	2.84090966e-01	2.51315767e-03
1.97556213e-01	2.82528490e-01	2.50632386e-03
1.98017254e-01	2.81021446e-01	2.49762228e-03
1.98478311e-01	2.84620315e-01	2.50767660e-03
1.98939368e-01	2.77945340e-01	2.48330273e-03
1.99400425e-01	2.80659258e-01	2.49085180e-03
1.99861482e-01	2.79420942e-01	2.48141633e-03
2.00322539e-01	2.81519592e-01	2.48744851e-03
2.00783581e-01	2.76393980e-01	2.46933801e-03
2.01244637e-01	2.74766177e-01	2.46347371e-03
2.01705694e-01	2.75771976e-01	2.46126624e-03
2.02166751e-01	2.74881631e-01	2.45645153e-03
2.02627808e-01	2.72118360e-01	2.44836672e-03
2.03088865e-01	2.73128122e-01	2.44876882e-03
2.03549922e-01	2.72202253e-01	2.44161929e-03
2.04010963e-01	2.74623096e-01	2.44698627e-03
2.04472020e-01	2.72821367e-01	2.43850704e-03
2.04933077e-01	2.67312348e-01	2.42141332e-03
2.05394134e-01	2.67861933e-01	2.41980283e-03
2.05855191e-01	2.72212476e-01	2.42930255e-03
2.06316248e-01	2.70443767e-01	2.42256117e-03
2.06777290e-01	2.67856658e-01	2.41330802e-03
2.07238346e-01	2.63947219e-01	2.41312198e-03
2.07699403e-01	2.67396152e-01	2.44145608e-03
2.08160460e-01	2.67590344e-01	2.45073484e-03
2.08621517e-01	2.63507009e-01	2.44588172e-03
2.09082574e-01	2.62099028e-01	2.44542025e-03
2.09543616e-01	2.64494479e-01	2.45801848e-03
2.10004672e-01	2.62714446e-01	2.45667202e-03
2.10465729e-01	2.61138082e-01	2.45806715e-03
2.10926786e-01	2.60543615e-01	2.46004341e-03
2.11387843e-01	2.57770091e-01	2.45134835e-03
2.11848900e-01	2.58760661e-01	2.45812279e-03
2.12309942e-01	2.59841859e-01	2.46358151e-03
2.12770998e-01	2.59103566e-01	2.46325810e-03
2.13232055e-01	2.57958829e-01	2.46224809e-03
2.13693112e-01	2.54569471e-01	2.45081168e-03
2.14154169e-01	2.52370298e-01	2.44593900e-03
2.14615226e-01	2.52431005e-01	2.44592805e-03
2.15076268e-01	2.52999365e-01	2.44887406e-03
2.15537325e-01	2.51469135e-01	2.44473061e-03
2.15998381e-01	2.50959933e-01	2.44298321e-03
2.16459438e-01	2.48867825e-01	2.43686093e-03
2.16920495e-01	2.54180491e-01	2.45621591e-03
2.17381552e-01	2.46943593e-01	2.43380107e-03
2.17842609e-01	2.45661169e-01	2.43180199e-03
2.18303651e-01	2.49055058e-01	2.44233501e-03
2.18764707e-01	2.47493476e-01	2.43953289e-03
2.19225764e-01	2.45835379e-01	2.43649795e-03
2.19686821e-01	2.46501654e-01	2.43817177e-03
2.20147878e-01	2.44261175e-01	2.43114191e-03
2.20608935e-01	2.45059058e-01	2.43440853e-03
2.21069977e-01	2.44241744e-01	2.43015517e-03
2.21531034e-01	2.44887307e-01	2.43306207e-03
2.21992090e-01	2.41584629e-01	2.42596376e-03
2.22453147e-01	2.39710093e-01	2.42026197e-03
2.22914204e-01	2.41508633e-01	2.42638425e-03
2.23375261e-01	2.39008352e-01	2.41865707e-03
2.23836303e-01	2.40873143e-01	2.42413231e-03
2.24297360e-01	2.41861790e-01	2.42798752e-03
2.24758416e-01	2.40885451e-01	2.41801259e-03
2.25219473e-01	2.38230199e-01	2.38806312e-03
2.25680530e-01	2.38290235e-01	2.37585418e-03
2.26141587e-01	2.35543936e-01	2.35695997e-03
2.26602629e-01	2.36151531e-01	2.35253386e-03
2.27063686e-01	2.36453265e-01	2.34780484e-03
2.27524742e-01	2.34885484e-01	2.33657099e-03
2.27985799e-01	2.35035703e-01	2.33228877e-03
2.28446856e-01	2.33155251e-01	2.32144748e-03
2.28907913e-01	2.32140139e-01	2.31457967e-03
2.29368955e-01	2.28805020e-01	2.29942752e-03
2.29830012e-01	2.29982570e-01	2.29968457e-03
2.30291069e-01	2.28613138e-01	2.28986423e-03
2.30752125e-01	2.28669167e-01	2.28653522e-03
2.31213182e-01	2.29007557e-01	2.28782324e-03
2.31674239e-01	2.26944521e-01	2.27852608e-03
2.32135296e-01	2.25570709e-01	2.27091485e-03
2.32596338e-01	2.25429609e-01	2.26850668e-03
2.33057395e-01	2.24003822e-01	2.25772988e-03
2.33518451e-01	2.26260111e-01	2.26053130e-03
2.33979508e-01	2.25451082e-01	2.25462858e-03
2.34440565e-01	2.24015430e-01	2.24693306e-03
2.34901622e-01	2.24418163e-01	2.24459381e-03
2.35362664e-01	2.24833682e-01	2.24248576e-03
2.35823721e-01	2.18733951e-01	2.22228840e-03
2.36284778e-01	2.18749315e-01	2.21916195e-03
2.36745834e-01	2.20748946e-01	2.22051470e-03
2.37206891e-01	2.17405915e-01	2.20848480e-03
2.37667948e-01	2.16022342e-01	2.19941023e-03
2.38128990e-01	2.15912297e-01	2.19601905e-03
2.38590047e-01	2.16450691e-01	2.19620834e-03
2.39051104e-01	2.15928271e-01	2.19122553e-03
2.39512160e-01	2.12783009e-01	2.17996980e-03
2.39973217e-01	2.15782553e-01	2.18683644e-03
2.40434274e-01	2.13620499e-01	2.17510038e-03
2.40895316e-01	2.15061933e-01	2.17941450e-03
2.41356373e-01	2.12836429e-01	2.16941326e-03
2.41817430e-01	2.10592583e-01	2.16204952e-03
2.42278486e-01	2.07102805e-01	2.14916491e-03
2.42739543e-01	2.10424304e-01	2.15457170e-03
2.43200600e-01	2.09438756e-01	2.14943034e-03
2.43661642e-01	2.09437683e-01	2.14654347e-03
2.44122699e-01	2.09313899e-01	2.14223983e-03
2.44583756e-01	2.08340555e-01	2.13902700e-03
2.45044813e-01	2.06844687e-01	2.13151006e-03
2.45505869e-01	2.05780342e-01	2.12620199e-03
2.45966926e-01	2.04339862e-01	2.11700355e-03
2.46427983e-01	2.05744192e-01	2.12058192e-03
2.46889025e-01	2.02036947e-01	2.10837042e-03
2.47350082e-01	2.00270295e-01	2.10098247e-03
2.47811139e-01	2.01063842e-01	2.09970982e-03
2.48272195e-01	2.02558070e-01	2.10227445e-03
2.48733252e-01	2.01956347e-01	2.09904928e-03
2.49194309e-01	2.01597244e-01	2.09481409e-03
2.49655351e-01	1.97050080e-01	2.07940233e-03
2.50116408e-01	1.95314214e-01	2.07255688e-03
2.50577480e-01	1.96766019e-01	2.07455549e-03
2.51038522e-01	1.97495699e-01	2.07269005e-03
2.51499563e-01	1.98488653e-01	2.07380368e-03
2.51960635e-01	1.95241764e-01	2.06274772e-03
2.52421677e-01	1.93572193e-01	2.05617119e-03
2.52882749e-01	1.94204658e-01	2.05332739e-03
2.53343791e-01	1.98092952e-01	2.06352095e-03
2.53804833e-01	1.93006381e-01	2.04555574e-03
2.54265904e-01	1.91406593e-01	2.04036501e-03
2.54726946e-01	1.93242371e-01	2.04346818e-03
2.55188018e-01	1.90240905e-01	2.03080080e-03
2.55649060e-01	1.90315574e-01	2.03125970e-03
2.56110132e-01	1.89895064e-01	2.02702614e-03
2.56571174e-01	1.89751789e-01	2.02431297e-03
2.57032216e-01	1.89150810e-01	2.02208804e-03
2.57493287e-01	1.86749786e-01	2.01451732e-03
2.57954329e-01	1.85356274e-01	2.00680853e-03
2.58415401e-01	1.86609745e-01	2.00898573e-03
2.58876443e-01	1.85361534e-01	2.00325577e-03
2.59337485e-01	1.84848994e-01	2.00016261e-03
2.59798557e-01	1.83623672e-01	1.99517584e-03
2.60259598e-01	1.85524523e-01	1.99877983e-03
2.60720670e-01	1.84146807e-01	1.99257000e-03
2.61181712e-01	1.83461800e-01	1.98936439e-03
2.61642784e-01	1.82014152e-01	1.98129611e-03
2.62103826e-01	1.82519063e-01	1.98229798e-03
2.62564868e-01	1.82134748e-01	1.98147818e-03
2.63025939e-01	1.79978192e-01	1.97202596e-03
2.63486981e-01	1.80943534e-01	1.97324390e-03
2.63948053e-01	1.78239822e-01	1.96224940e-03
2.64409095e-01	1.80007517e-01	1.96577655e-03
2.64870167e-01	1.77329764e-01	1.95568381e-03
2.65331209e-01	1.78463072e-01	1.95973553e-03
2.65792251e-01	1.78135842e-01	1.95703888e-03
2.66253322e-01	1.75910905e-01	1.95026374e-03
2.66714364e-01	1.74411148e-01	1.94398442e-03
2.67175436e-01	1.75607517e-01	1.94684532e-03
2.67636478e-01	1.73982069e-01	1.93905400e-03
2.68097520e-01	1.74287170e-01	1.93869509e-03
2.68558592e-01	1.72897577e-01	1.93187874e-03
2.69019634e-01	1.74450085e-01	1.93750893e-03
2.69480705e-01	1.72194883e-01	1.92987325e-03
2.69941747e-01	1.71296328e-01	1.92423188e-03
2.70402819e-01	1.71144053e-01	1.92405935e-03
2.70863861e-01	1.69596627e-01	1.91765779e-03
2.71324903e-01	1.70696244e-01	1.91757793e-03
2.71785975e-01	1.69897810e-01	1.91489118e-03
2.72247016e-01	1.69225067e-01	1.91351282e-03
2.72708088e-01	1.69214621e-01	1.91072340e-03
2.73169130e-01	1.70195147e-01	1.91144552e-03
2.73630172e-01	1.68260723e-01	1.90420193e-03
2.74091244e-01	1.68812633e-01	1.90539216e-03
2.74552286e-01	1.67036623e-01	1.89838721e-03
2.75013357e-01	1.65540546e-01	1.89388858e-03
2.75474399e-01	1.64222911e-01	1.88775605e-03
2.75935471e-01	1.64709866e-01	1.88789237e-03
2.76396513e-01	1.65270597e-01	1.88961416e-03
2.76857555e-01	1.63936526e-01	1.88303331e-03
2.77318627e-01	1.63623348e-01	1.88223866e-03
2.77779669e-01	1.61336213e-01	1.87436095e-03
2.78240740e-01	1.60995111e-01	1.87046546e-03
2.78701782e-01	1.59867078e-01	1.86678465e-03
2.79162854e-01	1.59099564e-01	1.86366250e-03
2.79623896e-01	1.61160842e-01	1.86659396e-03
2.80084938e-01	1.60936460e-01	1.86398870e-03
2.80546010e-01	1.61235780e-01	1.86568568e-03
2.81007051e-01	1.59412906e-01	1.85843464e-03
2.81468123e-01	1.58892214e-01	1.85567269e-03
2.81929165e-01	1.58362478e-01	1.85312110e-03
2.82390207e-01	1.58294752e-01	1.85312773e-03
2.82851279e-01	1.56059891e-01	1.84505468e-03
2.83312321e-01	1.56459257e-01	1.84460660e-03
2.83773392e-01	1.54954284e-01	1.83928257e-03
2.84234434e-01	1.55270606e-01	1.83939398e-03
2.84695506e-01	1.53998867e-01	1.83402817e-03
2.85156548e-01	1.52969643e-01	1.83101208e-03
2.85617590e-01	1.52609959e-01	1.82788982e-03
2.86078662e-01	1.52225107e-01	1.82703359e-03
2.86539704e-01	1.51499838e-01	1.83490536e-03
2.87000775e-01	1.49414182e-01	1.83710619e-03
2.87461817e-01	1.50204256e-01	1.84436608e-03
2.87922859e-01	1.50330812e-01	1.84623152e-03
2.88383931e-01	1.50769785e-01	1.85198709e-03
2.88844973e-01	1.50701836e-01	1.85364985e-03
2.89306045e-01	1.50781229e-01	1.85581669e-03
2.89767087e-01	1.50995210e-01	1.85937400e-03
2.90228158e-01	1.47980720e-01	1.85230747e-03
2.90689200e-01	1.49244994e-01	1.85841473e-03
2.91150242e-01	1.48292631e-01	1.85425079e-03
2.91611314e-01	1.48690328e-01	1.85765303e-03
2.92072356e-01	1.47474095e-01	1.85325707e-03
2.92533427e-01	1.47892848e-01	1.85575150e-03
2.92994469e-01	1.46455199e-01	1.85247755e-03
2.93455541e-01	1.45571053e-01	1.85067742e-03
2.93916583e-01	1.45580038e-01	1.85132329e-03
2.94377625e-01	1.45682752e-01	1.85182597e-03
2.94838697e-01	1.44131273e-01	1.84851163e-03
2.95299739e-01	1.43925533e-01	1.84814690e-03
2.95760810e-01	1.43503040e-01	1.84857787e-03
2.96221852e-01	1.41895831e-01	1.84461533e-03
2.96682894e-01	1.41414553e-01	1.84349436e-03
2.97143966e-01	1.39700979e-01	1.84013206e-03
2.97605008e-01	1.41675085e-01	1.84847636e-03
2.98066080e-01	1.40724108e-01	1.84243324e-03
2.98527122e-01	1.40117288e-01	1.84225966e-03
2.98988193e-01	1.39759183e-01	1.84113404e-03
2.99449235e-01	1.41338602e-01	1.84561743e-03
2.99910277e-01	1.40074000e-01	1.84164173e-03
3.00371349e-01	1.38593361e-01	1.83864811e-03
3.00832391e-01	1.39265701e-01	1.84261124e-03
3.01293463e-01	1.36940494e-01	1.83385704e-03
3.01754504e-01	1.36158347e-01	1.83236727e-03
3.02215546e-01	1.36091292e-01	1.83406903e-03
3.02676618e-01	1.34040743e-01	1.82760484e-03
3.03137660e-01	1.34658560e-01	1.82940788e-03
3.03598732e-01	1.36169285e-01	1.83504005e-03
3.04059774e-01	1.36656210e-01	1.82566349e-03
3.04520845e-01	1.35122925e-01	1.80655182e-03
3.04981887e-01	1.35036588e-01	1.79971848e-03
3.05442929e-01	1.33755386e-01	1.78960094e-03
3.05904001e-01	1.34923220e-01	1.78932957e-03
3.06365043e-01	1.32244453e-01	1.77679048e-03
3.06826115e-01	1.33908719e-01	1.77840947e-03
3.07287157e-01	1.30776435e-01	1.76401844e-03
3.07748228e-01	1.31103486e-01	1.76169234e-03
3.08209270e-01	1.32216185e-01	1.76182599e-03
3.08670312e-01	1.31473258e-01	1.75801688e-03
3.09131384e-01	1.30902559e-01	1.75510661e-03
3.09592426e-01	1.29394725e-01	1.74730248e-03
3.10053498e-01	1.30678087e-01	1.74852950e-03
3.10514539e-01	1.29410759e-01	1.74190162e-03
3.10975581e-01	1.28604531e-01	1.73727702e-03
3.11436653e-01	1.26889333e-01	1.72993052e-03
3.11897695e-01	1.28676116e-01	1.73415616e-03
3.12358767e-01	1.28416181e-01	1.72929710e-03
3.12819809e-01	1.29543453e-01	1.72957836e-03
3.13280880e-01	1.27923504e-01	1.72250101e-03
3.13741922e-01	1.25681669e-01	1.71436707e-03
3.14202964e-01	1.26126736e-01	1.71474251e-03
3.14664036e-01	1.24932982e-01	1.70890894e-03
3.15125078e-01	1.24971449e-01	1.70699507e-03
3.15586150e-01	1.23536810e-01	1.70016231e-03
3.16047192e-01	1.24937788e-01	1.70173252e-03
3.16508234e-01	1.26089543e-01	1.70277501e-03
3.16969305e-01	1.24677524e-01	1.69651269e-03
3.17430347e-01	1.24035083e-01	1.69379334e-03
3.17891419e-01	1.23590015e-01	1.69078354e-03
3.18352461e-01	1.22839913e-01	1.68564881e-03
3.18813533e-01	1.23390697e-01	1.68646849e-03
3.19274575e-01	1.21469736e-01	1.68013410e-03
3.19735616e-01	1.20444678e-01	1.67576759e-03
3.20196688e-01	1.20628797e-01	1.67460926e-03
3.20657730e-01	1.20395958e-01	1.67215639e-03
3.21118802e-01	1.18540332e-01	1.66523235e-03
3.21579844e-01	1.20250538e-01	1.66977569e-03
3.22040915e-01	1.18885234e-01	1.66340428e-03
3.22501957e-01	1.18443385e-01	1.66148751e-03
3.22962999e-01	1.15854122e-01	1.65049697e-03
3.23424071e-01	1.17641605e-01	1.65474485e-03
3.23885113e-01	1.19260117e-01	1.65719073e-03
3.24346185e-01	1.18390501e-01	1.65196764e-03
3.24807227e-01	1.17433682e-01	1.64968183e-03
3.25268269e-01	1.16119966e-01	1.64594466e-03
3.25729340e-01	1.17236756e-01	1.64596364e-03
3.26190382e-01	1.18296109e-01	1.64777157e-03
3.26651454e-01	1.16937354e-01	1.64288410e-03
3.27112496e-01	1.14413954e-01	1.63419952e-03
3.27573568e-01	1.15346432e-01	1.63697230e-03
3.28034610e-01	1.14072703e-01	1.63058494e-03
3.28495651e-01	1.14258006e-01	1.62965059e-03
3.28956723e-01	1.15825675e-01	1.63151918e-03
3.29417765e-01	1.15666673e-01	1.63112429e-03
3.29878837e-01	1.13095149e-01	1.62410620e-03
3.30339879e-01	1.12508871e-01	1.62049872e-03
3.30800921e-01	1.12324968e-01	1.61920977e-03
3.31261992e-01	1.12466417e-01	1.61760522e-03
3.31723034e-01	1.12179980e-01	1.61549053e-03
3.32184106e-01	1.12279095e-01	1.61486678e-03
3.32645148e-01	1.11290596e-01	1.60993706e-03
3.33106220e-01	1.10899173e-01	1.60867977e-03
3.33567262e-01	1.11429691e-01	1.60947605e-03
3.34028304e-01	1.10297367e-01	1.60533690e-03
3.34489375e-01	1.09328710e-01	1.60059275e-03
3.34950417e-01	1.10204719e-01	1.60224305e-03
3.35411489e-01	1.10393822e-01	1.60151464e-03
3.35872531e-01	1.09510183e-01	1.59724557e-03
3.36333603e-01	1.08889237e-01	1.59423577e-03
3.36794645e-01	1.08875155e-01	1.59397966e-03
3.37255687e-01	1.07807718e-01	1.58926414e-03
3.37716758e-01	1.08494617e-01	1.59172004e-03
3.38177800e-01	1.06930993e-01	1.58629438e-03
3.38638872e-01	1.07435003e-01	1.58460787e-03
3.39099914e-01	1.07534193e-01	1.58439425e-03
3.39560956e-01	1.06981300e-01	1.58217619e-03
3.40022027e-01	1.06671833e-01	1.58029364e-03
3.40483069e-01	1.04769394e-01	1.57426333e-03
3.40944141e-01	1.05535880e-01	1.57563575e-03
3.41405183e-01	1.05925299e-01	1.57615938e-03
3.41866255e-01	1.04411282e-01	1.56963244e-03
3.42327297e-01	1.05046794e-01	1.57038379e-03
3.42788339e-01	1.04854926e-01	1.56898913e-03
3.43249410e-01	1.04380630e-01	1.56680704e-03
3.43710452e-01	1.04838192e-01	1.56717398e-03
3.44171524e-01	1.04653284e-01	1.56521308e-03
3.44632566e-01	1.04870126e-01	1.56448630e-03
3.45093608e-01	1.03371717e-01	1.55896437e-03
3.45554680e-01	1.02561139e-01	1.55688007e-03
3.46015722e-01	1.00675270e-01	1.55066780e-03
3.46476793e-01	1.00992300e-01	1.55064114e-03
3.46937835e-01	1.01438776e-01	1.55005197e-03
3.47398907e-01	1.02033138e-01	1.55010947e-03
3.47859949e-01	1.02333844e-01	1.54921657e-03
3.48320991e-01	1.01358436e-01	1.54681155e-03
3.48782063e-01	1.00665271e-01	1.54407986e-03
3.49243104e-01	1.00938603e-01	1.54265005e-03
3.49704176e-01	1.00834750e-01	1.54158147e-03
3.50165218e-01	9.91636515e-02	1.53644371e-03
3.50626290e-01	9.87367481e-02	1.53448770e-03
3.51087332e-01	9.99056920e-02	1.53637526e-03
3.51548374e-01	9.84543711e-02	1.53023272e-03
3.52009445e-01	9.85786170e-02	1.53062702e-03
3.52470487e-01	9.76788253e-02	1.52563711e-03
3.52931559e-01	1.00456372e-01	1.53246534e-03
3.53392601e-01	9.78240818e-02	1.52408495e-03
3.53853643e-01	9.76595953e-02	1.52228505e-03
3.54314715e-01	9.83254164e-02	1.52382464e-03
3.54775757e-01	9.60639045e-02	1.51709793e-03
3.55236828e-01	9.82464105e-02	1.52145512e-03
3.55697870e-01	9.76956934e-02	1.51760527e-03
3.56158942e-01	9.63862538e-02	1.51366903e-03
3.56619984e-01	9.60030481e-02	1.51163037e-03
3.57081026e-01	9.55691487e-02	1.50905445e-03
3.57542098e-01	9.62591171e-02	1.50948705e-03
3.58003139e-01	9.63091031e-02	1.50777737e-03
3.58464211e-01	9.53686833e-02	1.50457933e-03
3.58925253e-01	9.55556855e-02	1.50452892e-03
3.59386295e-01	9.45018530e-02	1.49966602e-03
3.59847367e-01	9.40229148e-02	1.49713841e-03
3.60308409e-01	9.50928777e-02	1.49920769e-03
3.60769480e-01	9.43941697e-02	1.49616692e-03
3.61230522e-01	9.28171650e-02	1.49068900e-03
3.61691594e-01	9.28061828e-02	1.48999481e-03
3.62152636e-01	9.40214843e-02	1.49111485e-03
3.62613678e-01	9.44864750e-02	1.49130262e-03
3.63074750e-01	9.31002274e-02	1.48646056e-03
3.63535792e-01	9.27350074e-02	1.48392993e-03
3.63996863e-01	9.22045186e-02	1.48169161e-03
3.64457905e-01	9.20850188e-02	1.48071814e-03
3.64918977e-01	9.15329307e-02	1.47873140e-03
3.65380019e-01	9.19940919e-02	1.47826388e-03
3.65841061e-01	9.31491628e-02	1.48020650e-03
3.66302133e-01	9.13271382e-02	1.47307001e-03
3.66763175e-01	9.14760083e-02	1.47308968e-03
3.67224246e-01	8.95003602e-02	1.46701478e-03
3.67685288e-01	9.00279507e-02	1.46822399e-03
3.68146330e-01	9.05211717e-02	1.46805495e-03
3.68607402e-01	9.00548026e-02	1.46487006e-03
3.69068444e-01	8.96553472e-02	1.46260753e-03
3.69529516e-01	9.01987106e-02	1.46292977e-03
3.69990557e-01	8.94884244e-02	1.45943312e-03
3.70451629e-01	8.93553570e-02	1.45913335e-03
3.70912671e-01	8.96122679e-02	1.45871821e-03
3.71373713e-01	8.88542682e-02	1.45457801e-03
3.71834785e-01	8.96849632e-02	1.45654730e-03
3.72295827e-01	9.01236385e-02	1.45626487e-03
3.72756898e-01	8.80855173e-02	1.44933339e-03
3.73217940e-01	8.76307264e-02	1.44816341e-03
3.73678982e-01	8.76263604e-02	1.44652824e-03
3.74140054e-01	8.65675956e-02	1.44205964e-03
3.74601096e-01	8.76612663e-02	1.44468783e-03
3.75062168e-01	8.82803351e-02	1.44411006e-03
3.75523210e-01	8.73838514e-02	1.44142681e-03
3.75984281e-01	8.58412012e-02	1.43610185e-03
3.76445323e-01	8.68602842e-02	1.43803575e-03
3.76906365e-01	8.72340500e-02	1.43819617e-03
3.77367437e-01	8.71335715e-02	1.43638544e-03
3.77828479e-01	8.66023451e-02	1.43412710e-03
3.78289551e-01	8.56157392e-02	1.43141241e-03
3.78750592e-01	8.51073712e-02	1.42877689e-03
3.79211664e-01	8.38985592e-02	1.42293167e-03
3.79672706e-01	8.54668170e-02	1.42807234e-03
3.80133748e-01	8.44929442e-02	1.42388418e-03
3.80594820e-01	8.45957622e-02	1.42347603e-03
3.81055862e-01	8.49040151e-02	1.42288080e-03
3.81516933e-01	8.53935629e-02	1.42363622e-03
3.81977975e-01	8.36156979e-02	1.41802034e-03
3.82439017e-01	8.46261904e-02	1.42044690e-03
3.82900089e-01	8.32889006e-02	1.41549541e-03
3.83361131e-01	8.36619139e-02	1.41585444e-03
3.83822203e-01	8.30277503e-02	1.41350180e-03
3.84283245e-01	8.23696107e-02	1.41065952e-03
3.84744316e-01	8.26954991e-02	1.40997604e-03
3.85205358e-01	8.20243582e-02	1.40661083e-03
3.85666400e-01	8.22926834e-02	1.40797789e-03
3.86127472e-01	8.28370005e-02	1.40847103e-03
3.86588514e-01	8.23976025e-02	1.40601187e-03
3.87049586e-01	8.17592889e-02	1.40417111e-03
3.87510628e-01	8.15378726e-02	1.40213291e-03
3.87971669e-01	8.28666240e-02	1.40522921e-03
3.88432741e-01	8.08755085e-02	1.39791681e-03
3.88893783e-01	8.22246522e-02	1.40218600e-03
3.89354855e-01	8.14515129e-02	1.39849272e-03
3.89815897e-01	8.13505575e-02	1.39757921e-03
3.90276968e-01	8.14244598e-02	1.39732868e-03
3.90738010e-01	8.06963816e-02	1.39462447e-03
3.91199052e-01	8.02600831e-02	1.39258266e-03
3.91660124e-01	8.17008317e-02	1.39532215e-03
3.92121166e-01	8.34914297e-02	1.39880017e-03
3.92582238e-01	8.29168111e-02	1.39623543e-03
3.93043280e-01	8.25108737e-02	1.39509805e-03
3.93504351e-01	8.16444308e-02	1.39224774e-03
3.93965393e-01	8.11278522e-02	1.38975191e-03
3.94426435e-01	8.12334493e-02	1.38876354e-03
3.94887507e-01	8.07390213e-02	1.38764002e-03
3.95348549e-01	7.97979087e-02	1.38443720e-03
3.95809621e-01	7.92636648e-02	1.38217420e-03
3.96270663e-01	7.88146257e-02	1.38023554e-03
3.96731704e-01	7.81896263e-02	1.37801736e-03
3.97192776e-01	7.83023983e-02	1.37832493e-03
3.97653818e-01	7.74797350e-02	1.37551012e-03
3.98114890e-01	7.72988647e-02	1.37387123e-03
3.98575932e-01	7.82396942e-02	1.37473841e-03
3.99037004e-01	7.83665627e-02	1.37463526e-03
3.99498045e-01	7.71840662e-02	1.37152104e-03
3.99959087e-01	7.69730583e-02	1.37054175e-03
4.00420159e-01	7.62267858e-02	1.36798399e-03
4.00881201e-01	7.53799006e-02	1.36508304e-03
4.01342273e-01	7.63769150e-02	1.36694661e-03
4.01803315e-01	7.56446198e-02	1.36415497e-03
4.02264357e-01	7.52825215e-02	1.36277382e-03
4.02725428e-01	7.59980530e-02	1.36342307e-03
4.03186470e-01	7.65636265e-02	1.36479398e-03
4.03647542e-01	7.45458677e-02	1.35855202e-03
4.04108584e-01	7.47954622e-02	1.35840965e-03
4.04569656e-01	7.50529319e-02	1.35848764e-03
4.05030698e-01	7.57829100e-02	1.36007194e-03
4.05491740e-01	7.46475235e-02	1.35561731e-03
4.05952811e-01	7.40989819e-02	1.35332416e-03
4.06413853e-01	7.48440549e-02	1.35567575e-03
4.06874925e-01	7.33472854e-02	1.35081750e-03
4.07335967e-01	7.36043751e-02	1.35033508e-03
4.07797039e-01	7.48074204e-02	1.35231111e-03
4.08258080e-01	7.40728527e-02	1.34974055e-03
4.08719122e-01	7.35296458e-02	1.34808908e-03
4.09180194e-01	7.40306750e-02	1.34861912e-03
4.09641236e-01	7.36078322e-02	1.34734495e-03
4.10102308e-01	7.26722926e-02	1.34324352e-03
4.10563350e-01	7.42141679e-02	1.34720863e-03
4.11024392e-01	7.30157793e-02	1.34250976e-03
4.11485463e-01	7.38445297e-02	1.34401664e-03
4.11946505e-01	7.28463531e-02	1.34044222e-03
4.12407577e-01	7.25520849e-02	1.33957982e-03
4.12868619e-01	7.27303848e-02	1.33910321e-03
4.13329691e-01	7.16135129e-02	1.33470236e-03
4.13790733e-01	7.25856051e-02	1.33627211e-03
4.14251775e-01	7.29355589e-02	1.33557140e-03
4.14712846e-01	7.26137012e-02	1.33516174e-03
4.15173888e-01	7.09512308e-02	1.32990279e-03
4.15634960e-01	7.05733746e-02	1.32751057e-03
4.16096002e-01	7.11687207e-02	1.32812839e-03
4.16557044e-01	7.15812072e-02	1.32898870e-03
4.17018116e-01	7.11252540e-02	1.32696948e-03
4.17479157e-01	7.06711933e-02	1.32512138e-03
4.17940229e-01	7.05755576e-02	1.32437865e-03
4.18401271e-01	7.08980337e-02	1.32428098e-03
4.18862343e-01	7.08093345e-02	1.32266921e-03
4.19323385e-01	7.08337352e-02	1.32142543e-03
4.19784427e-01	6.98589832e-02	1.31785788e-03
4.20245498e-01	6.97171316e-02	1.31741131e-03
4.20706540e-01	7.05127195e-02	1.31783297e-03
4.21167612e-01	7.14750662e-02	1.31993880e-03
4.21628654e-01	7.06265420e-02	1.31689815e-03
4.22089696e-01	6.91883937e-02	1.31103280e-03
4.22550768e-01	6.98060170e-02	1.31324609e-03
4.23011810e-01	6.89111948e-02	1.30943698e-03
4.23472881e-01	6.97657168e-02	1.31066283e-03
4.23933923e-01	6.84697479e-02	1.30603672e-03
4.24394995e-01	7.01945275e-02	1.31078262e-03
4.24856037e-01	6.92372173e-02	1.30695023e-03
4.25317079e-01	6.85516670e-02	1.30508316e-03
4.25778151e-01	6.84033558e-02	1.30329374e-03
4.26239192e-01	6.84130490e-02	1.30344066e-03
4.26700264e-01	6.81064278e-02	1.30216172e-03
4.27161306e-01	6.84740394e-02	1.30195031e-03
4.27622378e-01	6.88440129e-02	1.30555488e-03
4.28083420e-01	6.81762248e-02	1.30769156e-03
4.28544462e-01	6.84801787e-02	1.31103105e-03
4.29005533e-01	6.80770800e-02	1.31027657e-03
4.29466575e-01	6.89828172e-02	1.31372083e-03
4.29927647e-01	6.74247667e-02	1.31002802e-03
4.30388689e-01	6.77322447e-02	1.31238974e-03
4.30849731e-01	6.65985420e-02	1.30968157e-03
4.31310803e-01	6.62841350e-02	1.30953896e-03
4.31771845e-01	6.81581870e-02	1.31580373e-03
4.32232916e-01	6.66432232e-02	1.31203036e-03
4.32693958e-01	6.64317235e-02	1.31385971e-03
4.33155030e-01	6.66001290e-02	1.31479476e-03
4.33616072e-01	6.66663274e-02	1.31501106e-03
4.34077114e-01	6.68414459e-02	1.31588336e-03
4.34538186e-01	6.71847463e-02	1.31719804e-03
4.34999228e-01	6.62978068e-02	1.31551886e-03
4.35460299e-01	6.67265877e-02	1.31789944e-03
4.35921341e-01	6.72462657e-02	1.31901423e-03
4.36382383e-01	6.67591542e-02	1.31778070e-03
4.36843455e-01	6.56722933e-02	1.31617091e-03
4.37304497e-01	6.46839291e-02	1.31407171e-03
4.37765568e-01	6.50926456e-02	1.31541479e-03
4.38226610e-01	6.55048862e-02	1.31694344e-03
4.38687682e-01	6.49005920e-02	1.31591165e-03
4.39148724e-01	6.54712170e-02	1.31793774e-03
4.39609766e-01	6.53313547e-02	1.31675811e-03
4.40070838e-01	6.57965019e-02	1.31899305e-03
4.40531880e-01	6.43563420e-02	1.31518301e-03
4.40992951e-01	6.54845387e-02	1.31845591e-03
4.41453993e-01	6.60319850e-02	1.31944986e-03
4.41915065e-01	6.47188351e-02	1.31664332e-03
4.42376107e-01	6.44345209e-02	1.31670048e-03
4.42837149e-01	6.44237176e-02	1.31726463e-03
4.43298221e-01	6.39522821e-02	1.31572539e-03
4.43759263e-01	6.43655509e-02	1.31748524e-03
4.44220334e-01	6.39770702e-02	1.31662958e-03
4.44681376e-01	6.37025312e-02	1.31580664e-03
4.45142418e-01	6.43670186e-02	1.31825777e-03
4.45603490e-01	6.42286688e-02	1.31721341e-03
4.46064532e-01	6.37981072e-02	1.31665997e-03
4.46525604e-01	6.34822771e-02	1.31638534e-03
4.46986645e-01	6.34046420e-02	1.31624111e-03
4.47447717e-01	6.40524477e-02	1.31767232e-03
4.47908759e-01	6.40656725e-02	1.31789013e-03
4.48369801e-01	6.28217831e-02	1.31445215e-03
4.48830873e-01	6.36110827e-02	1.31698721e-03
4.49291915e-01	6.32154495e-02	1.31658989e-03
4.49752986e-01	6.20035417e-02	1.31338881e-03
4.50214028e-01	6.20377287e-02	1.31313852e-03
4.50675070e-01	6.31960630e-02	1.31589372e-03
4.51136142e-01	6.31395429e-02	1.31664507e-03
4.51597184e-01	6.17482141e-02	1.31317019e-03
4.52058256e-01	6.29266053e-02	1.31610315e-03
4.52519298e-01	6.30156845e-02	1.31499651e-03
4.52980369e-01	6.22733347e-02	1.31385133e-03
4.53441411e-01	6.20413236e-02	1.31425820e-03
4.53902453e-01	6.25386462e-02	1.31464726e-03
4.54363525e-01	6.34459555e-02	1.31761655e-03
4.54824567e-01	6.21930063e-02	1.31383911e-03
4.55285639e-01	6.27232492e-02	1.31674437e-03
4.55746680e-01	6.19525202e-02	1.31462398e-03
4.56207752e-01	6.23568892e-02	1.31541362e-03
4.56668794e-01	6.11606725e-02	1.31251500e-03
4.57129836e-01	6.16436005e-02	1.31420931e-03
4.57590908e-01	6.12061247e-02	1.31248555e-03
4.58051950e-01	6.18419871e-02	1.31390954e-03
4.58513021e-01	6.16289750e-02	1.31361408e-03
4.58974063e-01	6.02319948e-02	1.31071277e-03
4.59435105e-01	6.01640046e-02	1.31076190e-03
4.59896177e-01	6.00832179e-02	1.30995014e-03
4.60357219e-01	6.08824492e-02	1.31221744e-03
4.60818291e-01	6.07161708e-02	1.31244271e-03
4.61279333e-01	6.07361719e-02	1.31289964e-03
4.61740404e-01	6.13012016e-02	1.31309533e-03
4.62201446e-01	6.19184487e-02	1.31453841e-03
4.62662488e-01	6.10530488e-02	1.31561724e-03
4.63123560e-01	6.07897118e-02	1.32413930e-03
4.63584602e-01	5.99772744e-02	1.32714154e-03
4.64045674e-01	6.03138991e-02	1.33191736e-03
4.64506716e-01	6.10390231e-02	1.33682764e-03
4.64967757e-01	6.01286776e-02	1.33682939e-03
4.65428829e-01	6.03737123e-02	1.34051172e-03
4.65889871e-01	6.01588711e-02	1.34063861e-03
4.66350943e-01	5.94676733e-02	1.34098029e-03
4.66811985e-01	5.95369115e-02	1.34342816e-03
4.67273057e-01	5.96151166e-02	1.34491140e-03
4.67734098e-01	5.99518493e-02	1.34798163e-03
4.68195140e-01	6.04287013e-02	1.35123963e-03
4.68656212e-01	5.97182512e-02	1.35071634e-03
4.69117254e-01	5.99655211e-02	1.35362684e-03
4.69578326e-01	5.90658672e-02	1.35169504e-03
4.70039368e-01	5.88817596e-02	1.35353650e-03
4.70500439e-01	5.90500906e-02	1.35568518e-03
4.70961481e-01	5.80302663e-02	1.35378796e-03
4.71422523e-01	5.75088039e-02	1.35463884e-03
4.71883595e-01	5.94106130e-02	1.36085285e-03
4.72344637e-01	5.87441809e-02	1.35908904e-03
4.72805709e-01	5.81798032e-02	1.35941559e-03
4.73266751e-01	5.94659634e-02	1.36475475e-03
4.73727793e-01	5.81013747e-02	1.36196497e-03
4.74188864e-01	5.83291128e-02	1.36319397e-03
4.74649906e-01	5.87616563e-02	1.36533170e-03
4.75110978e-01	5.77819832e-02	1.36385509e-03
4.75572020e-01	5.73629625e-02	1.36374065e-03
4.76033092e-01	5.77040687e-02	1.36523810e-03
4.76494133e-01	5.78823015e-02	1.36492157e-03
4.76955175e-01	5.79536259e-02	1.36585184e-03
4.77416247e-01	5.84435649e-02	1.36767281e-03
4.77877289e-01	5.87793961e-02	1.36938051e-03
4.78338361e-01	5.75074181e-02	1.36616710e-03
4.78799403e-01	5.75054400e-02	1.36668165e-03
4.79260445e-01	5.65990731e-02	1.36479188e-03
4.79721516e-01	5.63678518e-02	1.36510958e-03
4.80182558e-01	5.68875484e-02	1.36666535e-03
4.80643630e-01	5.70013225e-02	1.36737921e-03
4.81104672e-01	5.72682098e-02	1.36861543e-03
4.81565744e-01	5.63374460e-02	1.36662787e-03
4.82026786e-01	5.60480468e-02	1.36559410e-03
4.82487828e-01	5.71565926e-02	1.36813172e-03
4.82948899e-01	5.76523915e-02	1.37127843e-03
4.83409941e-01	5.66262193e-02	1.36833417e-03
4.83871013e-01	5.66224158e-02	1.36924325e-03
4.84332055e-01	5.60605042e-02	1.36876025e-03
4.84793127e-01	5.67182228e-02	1.37109531e-03
4.85254169e-01	5.57579510e-02	1.36902160e-03
4.85715210e-01	5.52857891e-02	1.36842707e-03
4.86176282e-01	5.69681302e-02	1.37413107e-03
4.86637324e-01	5.70632890e-02	1.37362629e-03
4.87098396e-01	5.61672151e-02	1.37207995e-03
4.87559438e-01	5.55370525e-02	1.37206679e-03
4.88020480e-01	5.52669875e-02	1.37073523e-03
4.88481551e-01	5.65066449e-02	1.37512223e-03
4.88942593e-01	5.53019717e-02	1.37242326e-03
4.89403665e-01	5.54164574e-02	1.37332897e-03
4.89864707e-01	5.65191731e-02	1.37694553e-03
4.90325779e-01	5.59617281e-02	1.37600279e-03
4.90786821e-01	5.56521639e-02	1.37608813e-03
4.91247863e-01	5.51707335e-02	1.37494912e-03
4.91708934e-01	5.50013892e-02	1.37533189e-03
4.92169976e-01	5.46633601e-02	1.37582945e-03
4.92631048e-01	5.37612550e-02	1.37336296e-03
4.93092090e-01	5.52209429e-02	1.37831527e-03
4.93553132e-01	5.39606921e-02	1.37474493e-03
4.94014204e-01	5.49194627e-02	1.37853948e-03
4.94475245e-01	5.48948459e-02	1.37855508e-03
4.94936317e-01	5.40598147e-02	1.37705263e-03
4.95397359e-01	5.48134670e-02	1.37995789e-03
4.95858431e-01	5.43957241e-02	1.37854193e-03
4.96319473e-01	5.49149290e-02	1.38060283e-03
4.96780515e-01	5.51443882e-02	1.38174370e-03
4.97241586e-01	5.46433516e-02	1.38195115e-03
4.97702628e-01	5.38689978e-02	1.38050993e-03
4.98163700e-01	5.36035001e-02	1.37976930e-03
4.98624742e-01	5.30953594e-02	1.37881655e-03
4.99085814e-01	5.41963801e-02	1.38299470e-03
4.99546856e-01	5.53971827e-02	1.38588669e-03
5.00007927e-01	5.42233177e-02	1.38333766e-03
5.00468969e-01	5.29883914e-02	1.38093892e-03
5.00930011e-01	5.31151593e-02	1.38228596e-03
5.01391053e-01	5.32451943e-02	1.38285267e-03
5.01852155e-01	5.42556532e-02	1.38697342e-03
5.02313197e-01	5.33320978e-02	1.38456537e-03
5.02774239e-01	5.36769405e-02	1.38522009e-03
5.03235281e-01	5.42505085e-02	1.38766179e-03
5.03696322e-01	5.35054319e-02	1.38638029e-03
5.04157424e-01	5.35358712e-02	1.38634176e-03
5.04618466e-01	5.37518859e-02	1.38797832e-03
5.05079508e-01	5.22437207e-02	1.38487085e-03
5.05540550e-01	5.29777035e-02	1.38848426e-03
5.06001592e-01	5.34227192e-02	1.38835353e-03
5.06462693e-01	5.48925586e-02	1.39358488e-03
5.06923735e-01	5.30302338e-02	1.38832559e-03
5.07384777e-01	5.36456294e-02	1.39198743e-03
5.07845819e-01	5.18746488e-02	1.38715887e-03
5.08306861e-01	5.22972420e-02	1.38871721e-03
5.08767962e-01	5.24380505e-02	1.38983841e-03
5.09229004e-01	5.27909696e-02	1.39201188e-03
5.09690046e-01	5.20107858e-02	1.39030057e-03
5.10151088e-01	5.15276901e-02	1.38945074e-03
5.10612190e-01	5.19874766e-02	1.39154727e-03
5.11073232e-01	5.23500554e-02	1.39281852e-03
5.11534274e-01	5.18676564e-02	1.39202725e-03
5.11995316e-01	5.08551188e-02	1.38981850e-03
5.12456357e-01	5.14924936e-02	1.39172457e-03
5.12917459e-01	5.20180054e-02	1.39350165e-03
5.13378501e-01	5.22155166e-02	1.39533938e-03
5.13839543e-01	5.13857901e-02	1.39419897e-03
5.14300585e-01	5.09548001e-02	1.39309105e-03
5.14761627e-01	5.17449006e-02	1.39467476e-03
5.15222728e-01	5.15358560e-02	1.39464391e-03
5.15683770e-01	5.21738231e-02	1.39743323e-03
5.16144812e-01	5.14516830e-02	1.39494555e-03
5.16605854e-01	5.23949154e-02	1.39815849e-03
5.17066896e-01	5.26958033e-02	1.39916083e-03
5.17527997e-01	5.17523214e-02	1.39622577e-03
5.17989039e-01	5.20564690e-02	1.39747537e-03
5.18450081e-01	5.15877828e-02	1.39720249e-03
5.18911123e-01	4.94060740e-02	1.39125483e-03
5.19372165e-01	5.08844256e-02	1.39569421e-03
5.19833267e-01	5.08450083e-02	1.39500177e-03
5.20294309e-01	5.10336272e-02	1.39559084e-03
5.20755351e-01	5.09885028e-02	1.39552320e-03
5.21216393e-01	5.08908927e-02	1.39571051e-03
5.21677494e-01	5.02751991e-02	1.39366766e-03
5.22138536e-01	5.14141731e-02	1.39756710e-03
5.22599578e-01	5.06448075e-02	1.39524753e-03
5.23060620e-01	5.03730662e-02	1.39533600e-03
5.23521662e-01	5.02500236e-02	1.39490725e-03
5.23982763e-01	5.04508018e-02	1.39501726e-03
5.24443805e-01	5.13341539e-02	1.39806070e-03
5.24904847e-01	4.99730930e-02	1.39411294e-03
5.25365889e-01	5.04071005e-02	1.39648188e-03
5.25826931e-01	5.04922941e-02	1.39717187e-03
5.26288033e-01	5.08000478e-02	1.39923976e-03
5.26749074e-01	4.98160720e-02	1.39600178e-03
5.27210116e-01	5.02278917e-02	1.39759260e-03
5.27671158e-01	5.14175482e-02	1.40224327e-03
5.28132200e-01	4.95219640e-02	1.39718817e-03
5.28593302e-01	5.02811298e-02	1.40065246e-03
5.29054344e-01	4.91810739e-02	1.39672449e-03
5.29515386e-01	4.89143655e-02	1.39723881e-03
5.29976428e-01	4.87559475e-02	1.39656232e-03
5.30437529e-01	4.98370007e-02	1.40003022e-03
5.30898571e-01	5.01546189e-02	1.40191067e-03
5.31359613e-01	4.96612526e-02	1.40084932e-03
5.31820655e-01	4.92229387e-02	1.39953906e-03
5.32281697e-01	5.01992106e-02	1.40341558e-03
5.32742798e-01	4.99336086e-02	1.40229287e-03
5.33203840e-01	5.00911996e-02	1.40391826e-03
5.33664882e-01	4.92461994e-02	1.40944740e-03
5.34125924e-01	4.87745926e-02	1.41615095e-03
5.34586966e-01	4.96827401e-02	1.42251118e-03
5.35048068e-01	4.92598526e-02	1.42398756e-03
5.35509109e-01	4.79850993e-02	1.42317405e-03
5.35970151e-01	4.89993654e-02	1.42899086e-03
5.36431193e-01	4.92985211e-02	1.43293501e-03
5.36892235e-01	4.90631424e-02	1.43557868e-03
5.37353337e-01	4.85952944e-02	1.43773574e-03
5.37814379e-01	4.89156470e-02	1.44110306e-03
5.38275421e-01	4.87331040e-02	1.44390506e-03
5.38736463e-01	4.83879969e-02	1.44612032e-03
5.39197505e-01	4.82581221e-02	1.44693826e-03
5.39658606e-01	4.90650311e-02	1.45186135e-03
5.40119648e-01	4.93889526e-02	1.45519548e-03
5.40580690e-01	4.82850485e-02	1.45429617e-03
5.41041732e-01	4.81008962e-02	1.45690306e-03
5.41502833e-01	4.89743352e-02	1.46149739e-03
5.41963875e-01	4.82879691e-02	1.47141691e-03
5.42424917e-01	4.72873375e-02	1.48169824e-03
5.42885959e-01	4.81291041e-02	1.49379694e-03
5.43347001e-01	4.83589880e-02	1.50329573e-03
5.43808103e-01	4.85103168e-02	1.50995632e-03
5.44269145e-01	4.81850728e-02	1.51474238e-03
5.44730186e-01	4.77574989e-02	1.51956489e-03
5.45191228e-01	4.62817252e-02	1.52004417e-03
5.45652270e-01	4.77168187e-02	1.53149827e-03
5.46113372e-01	4.71925400e-02	1.53536850e-03
5.46574414e-01	4.69358265e-02	1.53947226e-03
5.47035456e-01	4.78675738e-02	1.54734380e-03
5.47496498e-01	4.69669625e-02	1.55070308e-03
5.47957540e-01	4.68782000e-02	1.55564409e-03
5.48418641e-01	4.67122272e-02	1.56004413e-03
5.48879683e-01	4.64728437e-02	1.56540214e-03
5.49340725e-01	4.69177477e-02	1.57115888e-03
5.49801767e-01	4.73736450e-02	1.57724018e-03
5.50262868e-01	4.73189354e-02	1.58258318e-03
5.50723910e-01	4.66983207e-02	1.58550905e-03
5.51184952e-01	4.73020002e-02	1.59246346e-03
5.51645994e-01	4.72217202e-02	1.59559457e-03
5.52107036e-01	4.65851538e-02	1.59924035e-03
5.52568138e-01	4.56129983e-02	1.60199997e-03
5.53029180e-01	4.66299728e-02	1.60898769e-03
5.53490222e-01	4.67375703e-02	1.61391054e-03
5.53951263e-01	4.62842807e-02	1.61763560e-03
5.54412305e-01	4.67969291e-02	1.62349979e-03
5.54873407e-01	4.62274253e-02	1.62506790e-03
5.55334449e-01	4.66411039e-02	1.63229485e-03
5.55795491e-01	4.59113680e-02	1.63419289e-03
5.56256533e-01	4.48260233e-02	1.63485459e-03
5.56717575e-01	4.59267497e-02	1.64415874e-03
5.57178676e-01	4.53575030e-02	1.64569798e-03
5.57639718e-01	4.60570753e-02	1.65411201e-03
5.58100760e-01	4.53356877e-02	1.65557745e-03
5.58561802e-01	4.58673127e-02	1.66179426e-03
5.59022903e-01	4.51158509e-02	1.66316400e-03
5.59483945e-01	4.57667597e-02	1.67006312e-03
5.59944987e-01	4.71219979e-02	1.67982059e-03
5.60406029e-01	4.59119789e-02	1.67939463e-03
5.60867071e-01	4.57732603e-02	1.68368558e-03
5.61328173e-01	4.56645079e-02	1.68792868e-03
5.61789215e-01	4.55319211e-02	1.69291126e-03
5.62250257e-01	4.41931896e-02	1.69199728e-03
5.62711298e-01	4.44934666e-02	1.69745146e-03
5.63172340e-01	4.52832393e-02	1.70384569e-03
5.63633442e-01	4.61062603e-02	1.71282236e-03
5.64094484e-01	4.53525409e-02	1.71414879e-03
5.64555526e-01	4.58807349e-02	1.72076654e-03
5.65016568e-01	4.51828614e-02	1.72272115e-03
5.65477610e-01	4.62678298e-02	1.73209608e-03
5.65938711e-01	4.54616770e-02	1.73302682e-03
5.66399753e-01	4.45615947e-02	1.73358934e-03
5.66860795e-01	4.49100174e-02	1.74011232e-03
5.67321837e-01	4.51040193e-02	1.74444483e-03
5.67782879e-01	4.52360734e-02	1.74967700e-03
5.68243980e-01	4.45309356e-02	1.75266282e-03
5.68705022e-01	4.40587439e-02	1.75580790e-03
5.69166064e-01	4.41715904e-02	1.75888441e-03
5.69627106e-01	4.55049463e-02	1.76975899e-03
5.70088208e-01	4.33001444e-02	1.76620111e-03
5.70549250e-01	4.41877283e-02	1.77387462e-03
5.71010292e-01	4.50834520e-02	1.78059028e-03
5.71471334e-01	4.63790521e-02	1.79139210e-03
5.71932375e-01	4.58672419e-02	1.79409736e-03
5.72393477e-01	4.62061875e-02	1.79958495e-03
5.72854519e-01	4.43738289e-02	1.79599202e-03
5.73315561e-01	4.35754582e-02	1.79733173e-03
5.73776603e-01	4.44553122e-02	1.80428103e-03
5.74237645e-01	4.44142781e-02	1.80726219e-03
5.74698746e-01	4.42964919e-02	1.81113707e-03
5.75159788e-01	4.48248163e-02	1.81634014e-03
5.75620830e-01	4.44740839e-02	1.81821710e-03
5.76081872e-01	4.30799425e-02	1.81676238e-03
5.76542914e-01	4.42330465e-02	1.82552938e-03
5.77004015e-01	4.45622951e-02	1.83010404e-03
5.77465057e-01	4.24836427e-02	1.82579388e-03
5.77926099e-01	4.28996906e-02	1.83119939e-03
5.78387141e-01	4.45521586e-02	1.84163824e-03
5.78848243e-01	4.38887216e-02	1.84337539e-03
5.79309285e-01	4.35300767e-02	1.84630300e-03
5.79770327e-01	4.36366796e-02	1.85135507e-03
5.80231369e-01	4.43338379e-02	1.85931346e-03
5.80692410e-01	4.26650643e-02	1.85592077e-03
5.81153512e-01	4.38206270e-02	1.86618918e-03
5.81614554e-01	4.42819335e-02	1.87275209e-03
5.82075596e-01	4.35613319e-02	1.87485700e-03
5.82536638e-01	4.34886143e-02	1.87910476e-03
5.82997680e-01	4.32619452e-02	1.88433717e-03
5.83458781e-01	4.38750386e-02	1.89155783e-03
5.83919823e-01	4.30554040e-02	1.89154060e-03
5.84380865e-01	4.32332978e-02	1.89902855e-03
5.84841907e-01	4.29779403e-02	1.90284592e-03
5.85302949e-01	4.31002378e-02	1.90918427e-03
5.85764050e-01	4.23855744e-02	1.91124470e-03
5.86225092e-01	4.18966785e-02	1.91240269e-03
5.86686134e-01	4.28385660e-02	1.92274223e-03
5.87147176e-01	4.15984616e-02	1.92195247e-03
5.87608278e-01	4.26514186e-02	1.93163694e-03
5.88069320e-01	4.29331549e-02	1.93789846e-03
5.88530362e-01	4.21090610e-02	1.93990732e-03
5.88991404e-01	4.28648219e-02	1.94849761e-03
5.89452446e-01	4.22823168e-02	1.95008237e-03
5.89913547e-01	4.29554768e-02	1.95796718e-03
5.90374589e-01	4.32279892e-02	1.96466991e-03
5.90835631e-01	4.24776599e-02	1.96568342e-03
5.91296673e-01	4.29525450e-02	1.97297125e-03
5.91757715e-01	4.29922491e-02	1.98004022e-03
5.92218816e-01	4.28650156e-02	1.98485516e-03
5.92679858e-01	4.28875387e-02	1.98988942e-03
5.93140900e-01	4.22602817e-02	1.99160352e-03
5.93601942e-01	4.29795459e-02	2.00263271e-03
5.94062984e-01	4.15443406e-02	1.99946039e-03
5.94524086e-01	4.24189046e-02	2.01054639e-03
5.94985127e-01	4.17433903e-02	2.01433501e-03
5.95446169e-01	4.11597416e-02	2.01460952e-03
5.95907211e-01	4.26085964e-02	2.02793418e-03
5.96368253e-01	4.28926870e-02	2.03425647e-03
5.96829355e-01	4.15865108e-02	2.03257939e-03
5.97290397e-01	4.18334715e-02	2.04046397e-03
5.97751439e-01	4.34180163e-02	2.05402588e-03
5.98212481e-01	4.18745503e-02	2.05295254e-03
5.98673582e-01	4.05464098e-02	2.05283565e-03
5.99134624e-01	4.28559631e-02	2.06926907e-03
5.99595666e-01	4.22466993e-02	2.07134825e-03
6.00056708e-01	4.17576171e-02	2.07455480e-03
6.00517750e-01	4.23649848e-02	2.08392902e-03
6.00978851e-01	4.16829512e-02	2.08530179e-03
6.01439893e-01	4.14713509e-02	2.09058356e-03
6.01900935e-01	4.17283699e-02	2.09975103e-03
6.02361977e-01	4.08024639e-02	2.10116594e-03
6.02823019e-01	4.11990508e-02	2.10985658e-03
6.03284121e-01	4.14536148e-02	2.11587758e-03
6.03745162e-01	4.28311266e-02	2.12938199e-03
6.04206204e-01	4.19108830e-02	2.13081483e-03
6.04667246e-01	4.22092676e-02	2.13843957e-03
6.05128288e-01	4.17972617e-02	2.14269524e-03
6.05589390e-01	4.15509306e-02	2.14540353e-03
6.06050432e-01	4.15410809e-02	2.15144432e-03
6.06511474e-01	4.06686552e-02	2.15301057e-03
6.06972516e-01	4.06924672e-02	2.15727417e-03
6.07433617e-01	4.13622856e-02	2.16655666e-03
6.07894659e-01	4.09125015e-02	2.16790894e-03
6.08355701e-01	4.10253480e-02	2.17549456e-03
6.08816743e-01	4.08363603e-02	2.17981287e-03
6.09277785e-01	3.96340266e-02	2.17779819e-03
6.09738886e-01	4.13155593e-02	2.19310867e-03
6.10199928e-01	4.14497443e-02	2.19575735e-03
6.10660970e-01	4.10020389e-02	2.19865865e-03
6.11122012e-01	4.09481712e-02	2.20509083e-03
6.11583054e-01	4.10618074e-02	2.21159915e-03
6.12044156e-01	3.94387729e-02	2.20899982e-03
6.12505198e-01	4.03641351e-02	2.21895077e-03
6.12966239e-01	3.87414694e-02	2.21504970e-03
6.13427281e-01	4.09225523e-02	2.23278021e-03
6.13888323e-01	3.97663005e-02	2.23040441e-03
6.14349425e-01	4.01440226e-02	2.24134838e-03
6.14810467e-01	4.02577296e-02	2.24713632e-03
6.15271509e-01	4.02041599e-02	2.25711195e-03
6.15732551e-01	3.83672565e-02	2.25333637e-03
6.16193652e-01	4.01454195e-02	2.26814649e-03
6.16654694e-01	4.04563993e-02	2.27702083e-03
6.17115736e-01	4.01043668e-02	2.28358107e-03
6.17576778e-01	3.94074544e-02	2.28372635e-03
6.18037820e-01	4.01178114e-02	2.29836116e-03
6.18498921e-01	3.92170623e-02	2.30126409e-03
6.18959963e-01	3.98009568e-02	2.30979314e-03
6.19421005e-01	4.12095897e-02	2.32517323e-03
6.19882047e-01	4.05617096e-02	2.33052531e-03
6.20343089e-01	3.91734242e-02	2.33222754e-03
6.20804191e-01	4.14844565e-02	2.35033920e-03
6.21265233e-01	4.13440019e-02	2.35483167e-03
6.21726274e-01	4.04460356e-02	2.36083986e-03
6.22187316e-01	3.99929509e-02	2.36589462e-03
6.22648358e-01	3.93620878e-02	2.36937101e-03
6.23109460e-01	3.90898734e-02	2.37786258e-03
6.23570502e-01	3.92520539e-02	2.38677766e-03
6.24031544e-01	4.06919084e-02	2.40035821e-03
6.24492586e-01	4.00355868e-02	2.40236591e-03
6.24953628e-01	4.06319089e-02	2.41689174e-03
6.25414729e-01	3.96604091e-02	2.42150808e-03
6.25875771e-01	3.90694439e-02	2.42701778e-03
6.26336813e-01	4.00458612e-02	2.43958086e-03
6.26797855e-01	4.08519544e-02	2.45343102e-03
6.27258956e-01	3.91081460e-02	2.45222007e-03
6.27719998e-01	3.91645059e-02	2.45950324e-03
6.28181040e-01	3.80019918e-02	2.46219500e-03
6.28642082e-01	4.03410569e-02	2.48600333e-03
6.29103124e-01	3.87621485e-02	2.48474092e-03
6.29564226e-01	3.87717597e-02	2.49589211e-03
6.30025268e-01	3.86509299e-02	2.50302441e-03
6.30486310e-01	3.94496359e-02	2.51353439e-03
6.30947351e-01	3.99311706e-02	2.52115028e-03
6.31408393e-01	4.00060825e-02	2.53176433e-03
6.31869495e-01	4.02641557e-02	2.54140934e-03
6.32330537e-01	3.97491865e-02	2.54279329e-03
6.32791579e-01	3.95695195e-02	2.55263480e-03
6.33252621e-01	3.80398259e-02	2.55142548e-03
6.33713663e-01	3.65767889e-02	2.55155796e-03
6.34174764e-01	3.54829133e-02	2.55136401e-03
6.34635806e-01	3.89870629e-02	2.58019217e-03
6.35096848e-01	3.88982669e-02	2.58571701e-03
6.35557890e-01	3.89008522e-02	2.59514200e-03
6.36018991e-01	3.81293371e-02	2.59978860e-03
6.36480033e-01	3.93966660e-02	2.61645950e-03
6.36941075e-01	3.83225605e-02	2.61578127e-03
6.37402117e-01	3.90016362e-02	2.62958533e-03
6.37863159e-01	3.80474105e-02	2.62957369e-03
6.38324261e-01	3.78708020e-02	2.63849739e-03
6.38785303e-01	3.79577763e-02	2.64691981e-03
6.39246345e-01	3.76773588e-02	2.65344372e-03
6.39707386e-01	3.90775464e-02	2.66879983e-03
6.40168428e-01	3.98060605e-02	2.68140691e-03
6.40629530e-01	3.92831527e-02	2.68993038e-03
6.41090572e-01	3.90284397e-02	2.69845198e-03
6.41551614e-01	3.77569161e-02	2.69713975e-03
6.42012656e-01	3.67197469e-02	2.69885897e-03
6.42473698e-01	3.75048742e-02	2.71342695e-03
6.42934799e-01	3.85732874e-02	2.73143244e-03
6.43395841e-01	3.82977575e-02	2.73770373e-03
6.43856883e-01	3.88813540e-02	2.74842652e-03
6.44317925e-01	3.87848243e-02	2.75548128e-03
6.44779027e-01	3.78611200e-02	2.75997887e-03
6.45240068e-01	3.76780853e-02	2.77329097e-03
6.45701110e-01	3.76795307e-02	2.77775782e-03
6.46162152e-01	3.98437828e-02	2.80140107e-03
6.46623194e-01	3.86872515e-02	2.80523812e-03
6.47084296e-01	3.90047766e-02	2.81689339e-03
6.47545338e-01	3.86116095e-02	2.82367063e-03
6.48006380e-01	3.87631133e-02	2.83713033e-03
6.48467422e-01	3.50853018e-02	2.82229367e-03
6.48928463e-01	3.69618535e-02	2.84716790e-03
6.49389565e-01	3.83736826e-02	2.86059151e-03
6.49850607e-01	4.04621437e-02	2.88319588e-03
6.50311649e-01	4.18143198e-02	2.90558394e-03
6.50772691e-01	3.92976329e-02	2.89792172e-03
6.51233733e-01	3.82110924e-02	2.90543051e-03
6.51694834e-01	3.58136743e-02	2.89794756e-03
6.52155876e-01	3.90736014e-02	2.93186191e-03
6.52616918e-01	3.74359265e-02	2.93122442e-03
6.53077960e-01	3.59930098e-02	2.93643842e-03
6.53539002e-01	3.66255417e-02	2.95145554e-03
6.54000103e-01	3.81879695e-02	2.96854135e-03
6.54461145e-01	3.92796807e-02	2.98955711e-03
6.54922187e-01	3.83496471e-02	2.99557974e-03
6.55383229e-01	3.68304104e-02	2.99525470e-03
6.55844331e-01	3.71184386e-02	3.01038753e-03
6.56305373e-01	3.63112614e-02	3.01381899e-03
6.56766415e-01	3.96103002e-02	3.05202184e-03
6.57227457e-01	3.77897620e-02	3.05014895e-03
6.57688498e-01	3.71650457e-02	3.06016672e-03
6.58149600e-01	3.70166488e-02	3.06968018e-03
6.58610642e-01	3.95653397e-02	3.10211652e-03
6.59071684e-01	3.88699807e-02	3.10925720e-03
6.59532726e-01	3.77128012e-02	3.11034871e-03
6.59993768e-01	3.84007357e-02	3.12542473e-03
6.60454869e-01	3.84193920e-02	3.14371404e-03
6.60915911e-01	3.68573144e-02	3.14508891e-03
6.61376953e-01	3.61832380e-02	3.15168127e-03
6.61837995e-01	3.87019292e-02	3.18704429e-03
6.62299037e-01	3.62719782e-02	3.17755458e-03
6.62760139e-01	3.69199924e-02	3.19877896e-03
6.63221180e-01	3.67995203e-02	3.21415206e-03
6.63682222e-01	3.59519944e-02	3.22393747e-03
6.64143264e-01	3.63183469e-02	3.23648378e-03
6.64604366e-01	3.74112986e-02	3.25824367e-03
6.65065408e-01	3.79122533e-02	3.27830156e-03
6.65526450e-01	3.48447934e-02	3.26667237e-03
6.65987492e-01	3.64847407e-02	3.30004888e-03
6.66448534e-01	3.70716415e-02	3.31563735e-03
6.66909635e-01	3.64792496e-02	3.32372752e-03
6.67370677e-01	3.61009464e-02	3.34208342e-03
6.67831719e-01	3.46518531e-02	3.34252114e-03
6.68292761e-01	3.63582745e-02	3.37537983e-03
6.68753803e-01	3.63294259e-02	3.39117646e-03
6.69214904e-01	3.69448289e-02	3.40620871e-03
6.69675946e-01	3.73928100e-02	3.42688663e-03
6.70136988e-01	3.69340628e-02	3.44351609e-03
6.70598030e-01	3.59050557e-02	3.44922254e-03
6.71059072e-01	3.88921984e-02	3.49016115e-03
6.71520174e-01	3.62513587e-02	3.48874251e-03
6.71981215e-01	3.65376286e-02	3.51090613e-03
6.72442257e-01	3.79088968e-02	3.54130333e-03
6.72903299e-01	3.62716690e-02	3.53981811e-03
6.73364401e-01	3.75742577e-02	3.57237947e-03
6.73825443e-01	3.68577354e-02	3.58631159e-03
6.74286485e-01	3.63394208e-02	3.59822437e-03
6.74747527e-01	3.80889066e-02	3.63218086e-03
6.75208569e-01	3.93993929e-02	3.66492895e-03
6.75669670e-01	3.98330316e-02	3.68483854e-03
6.76130712e-01	3.70562039e-02	3.68467532e-03
6.76591754e-01	3.69867608e-02	3.71178123e-03
6.77052796e-01	3.56848128e-02	3.71623179e-03
6.77513838e-01	3.77890132e-02	3.75474128e-03
6.77974939e-01	3.80849317e-02	3.77887115e-03
6.78435981e-01	3.66743281e-02	3.79151921e-03
6.78897023e-01	3.54637429e-02	3.80440126e-03
6.79358065e-01	3.36656421e-02	3.81484861e-03
6.79819107e-01	3.31231877e-02	3.83317424e-03
6.80280209e-01	3.44718695e-02	3.86102172e-03
6.80741251e-01	3.71321067e-02	3.91097274e-03
6.81202292e-01	3.36048454e-02	3.90529772e-03
6.81663334e-01	3.59583460e-02	3.94704659e-03
6.82124376e-01	3.53074856e-02	3.96222249e-03
6.82585478e-01	3.79734747e-02	4.01751744e-03
6.83046520e-01	3.73916142e-02	4.03890479e-03
6.83507562e-01	3.65919583e-02	4.06181347e-03
6.83968604e-01	3.46132144e-02	4.06749826e-03
6.84429705e-01	3.81915681e-02	4.12860978e-03
6.84890747e-01	3.95577550e-02	4.15717158e-03
6.85351789e-01	3.76011878e-02	4.18303488e-03
6.85812831e-01	3.55218276e-02	4.19321517e-03
6.86273873e-01	3.61686870e-02	4.22822451e-03
6.86734974e-01	3.46166380e-02	4.24487609e-03
6.87196016e-01	3.49652506e-02	4.27183136e-03
6.87657058e-01	3.61121222e-02	4.32155887e-03
6.88118100e-01	3.28406617e-02	4.31142841e-03
6.88579142e-01	3.61218266e-02	4.38591884e-03
6.89040244e-01	3.64601091e-02	4.42479784e-03
6.89501286e-01	3.71548757e-02	4.46104724e-03
6.89962327e-01	3.52445617e-02	4.48032096e-03
6.90423369e-01	3.46138217e-02	4.50074673e-03
6.90884411e-01	3.75031717e-02	4.55538323e-03
6.91345513e-01	3.29818837e-02	4.53354698e-03
6.91806555e-01	3.41536924e-02	4.58006421e-03
6.92267597e-01	3.52369323e-02	4.61805332e-03
6.92728639e-01	3.39711197e-02	4.62601753e-03
6.93189740e-01	3.30964625e-02	4.64155572e-03
6.93650782e-01	3.55414785e-02	4.70440881e-03
6.94111824e-01	3.49917226e-02	4.71869996e-03
6.94572866e-01	3.33508626e-02	4.73080482e-03
6.95033908e-01	3.70658599e-02	4.80419118e-03
6.95495009e-01	3.46101746e-02	4.79083089e-03
6.95956051e-01	3.59573811e-02	4.85332171e-03
6.96417093e-01	3.67205143e-02	4.88790870e-03
6.96878135e-01	3.42655480e-02	4.89818398e-03
6.97339177e-01	3.57348211e-02	4.94469563e-03
6.97800279e-01	3.85580435e-02	4.99907183e-03
6.98261321e-01	3.82703617e-02	5.03297523e-03
6.98722363e-01	3.70859317e-02	5.05282078e-03
6.99183404e-01	3.62347104e-02	5.08463569e-03
6.99644446e-01	3.23203132e-02	5.06582297e-03
7.00105548e-01	3.50342542e-02	5.14913257e-03
7.00566590e-01	3.50889452e-02	5.18034911e-03
7.01027632e-01	3.52550223e-02	5.20561310e-03
7.01488674e-01	3.66533175e-02	5.27665019e-03
7.01949775e-01	3.74835469e-02	5.31966332e-03
7.02410817e-01	3.23953256e-02	5.29902522e-03
7.02871859e-01	3.65175158e-02	5.39752143e-03
7.03332901e-01	4.00036201e-02	5.46959881e-03
7.03793943e-01	3.78517881e-02	5.49052050e-03
7.04255044e-01	3.65926847e-02	5.52667258e-03
7.04716086e-01	3.58075276e-02	5.56577230e-03
7.05177128e-01	3.43579873e-02	5.57034835e-03
7.05638170e-01	3.48684527e-02	5.63558284e-03
7.06099212e-01	3.28964218e-02	5.65071451e-03
7.06560314e-01	3.44199613e-02	5.69223519e-03
7.07021356e-01	3.79320458e-02	5.78161236e-03
7.07482398e-01	3.40347998e-02	5.73414937e-03
7.07943439e-01	3.45870443e-02	5.78270201e-03
7.08404481e-01	3.35879251e-02	5.81050571e-03
7.08865583e-01	3.11503820e-02	5.79597568e-03
7.09326625e-01	3.44463326e-02	5.86841069e-03
7.09787667e-01	3.66608240e-02	5.90637466e-03
7.10248709e-01	3.65313403e-02	5.93367033e-03
7.10709751e-01	3.61742675e-02	5.97901363e-03
7.11170852e-01	3.25782374e-02	5.94333233e-03
7.11631894e-01	3.02472524e-02	5.96559839e-03
7.12092936e-01	3.03564370e-02	5.98963629e-03
7.12553978e-01	3.09716947e-02	6.02431409e-03
7.13015079e-01	2.95017026e-02	6.02814648e-03
7.13476121e-01	3.41562293e-02	6.10689167e-03
7.13937163e-01	3.52312252e-02	6.16698526e-03
7.14398205e-01	3.32401656e-02	6.17985101e-03
7.14859247e-01	3.50174084e-02	6.24545198e-03
7.15320349e-01	3.02513149e-02	6.19208859e-03
7.15781391e-01	3.32974978e-02	6.26228983e-03
7.16242433e-01	3.79504748e-02	6.37927186e-03
7.16703475e-01	3.36826779e-02	6.34186575e-03
7.17164516e-01	3.59246917e-02	6.39040256e-03
7.17625618e-01	3.81030105e-02	6.48236740e-03
7.18086660e-01	3.17157432e-02	6.42466545e-03
7.18547702e-01	3.26003097e-02	6.49528066e-03
7.19008744e-01	3.37355919e-02	6.52120868e-03
7.19469786e-01	3.67256403e-02	6.60954183e-03
7.19930887e-01	3.10207717e-02	6.55312603e-03
7.20391929e-01	3.27221677e-02	6.63299207e-03
7.20852971e-01	3.32869142e-02	6.69780513e-03
7.21314013e-01	3.02945264e-02	6.68343063e-03
7.21775115e-01	3.31656709e-02	6.76056137e-03
7.22236156e-01	3.48368585e-02	6.82590762e-03
7.22697198e-01	3.12548429e-02	6.81213522e-03
7.23158240e-01	3.40093710e-02	6.91435253e-03
7.23619282e-01	3.37747410e-02	6.92742970e-03
7.24080384e-01	3.08757909e-02	6.94300514e-03
7.24541426e-01	3.62109728e-02	7.08871568e-03
7.25002468e-01	3.36723551e-02	7.04546552e-03
7.25463510e-01	3.46046463e-02	7.15044281e-03
7.25924551e-01	3.37581225e-02	7.18658930e-03
7.26385653e-01	3.43374014e-02	7.22793769e-03
7.26846695e-01	3.63237672e-02	7.30182882e-03
7.27307737e-01	3.79883200e-02	7.37340655e-03
7.27768779e-01	3.40612307e-02	7.39223044e-03
7.28229821e-01	3.17918621e-02	7.40165776e-03
7.28690922e-01	3.56569812e-02	7.53162429e-03
7.29151964e-01	3.28573696e-02	7.52409687e-03
7.29613006e-01	3.24442722e-02	7.55261164e-03
7.30074048e-01	3.46731171e-02	7.69316684e-03
7.30535090e-01	3.06673981e-02	7.66411284e-03
7.30996192e-01	3.54311988e-02	7.83165265e-03
7.31457233e-01	3.47225629e-02	7.86294695e-03
7.31918275e-01	3.25271077e-02	7.87341874e-03
7.32379317e-01	3.13282833e-02	7.95231946e-03
7.32840419e-01	3.04002576e-02	7.96230137e-03
7.33301461e-01	3.13423239e-02	8.08492396e-03
7.33762503e-01	3.51065770e-02	8.20903294e-03
7.34223545e-01	3.15540060e-02	8.19726195e-03
7.34684587e-01	3.07993703e-02	8.27377569e-03
7.35145688e-01	3.40634510e-02	8.40216316e-03
7.35606730e-01	3.53637114e-02	8.54755193e-03
7.36067772e-01	3.31557766e-02	8.57642945e-03
7.36528814e-01	3.39793041e-02	8.67247116e-03
7.36989856e-01	3.29716876e-02	8.74195807e-03
7.37450957e-01	3.11451610e-02	8.78436584e-03
7.37911999e-01	2.84503698e-02	8.83003417e-03
7.38373041e-01	3.67587395e-02	9.09214374e-03
7.38834083e-01	4.03398983e-02	9.23842844e-03
7.39295125e-01	3.18329781e-02	9.12809931e-03
7.39756227e-01	4.09470312e-02	9.47491638e-03
7.40217268e-01	3.52029912e-02	9.47172102e-03
7.40678310e-01	3.28741521e-02	9.52194445e-03
7.41139352e-01	3.20449173e-02	9.62646678e-03
7.41600454e-01	3.43330279e-02	9.81805287e-03
7.42061496e-01	3.73588875e-02	9.96720418e-03
7.42522538e-01	3.58360931e-02	1.00940932e-02
7.42983580e-01	3.59376669e-02	1.01752216e-02
7.43444622e-01	3.40772867e-02	1.03135714e-02
7.43905723e-01	2.88395546e-02	1.03808222e-02
7.44366765e-01	3.43502238e-02	1.05867647e-02
7.44827807e-01	3.53573151e-02	1.08389333e-02
7.45288849e-01	2.77041681e-02	1.07711619e-02
7.45749891e-01	3.64544056e-02	1.11536775e-02
7.46210992e-01	3.92689072e-02	1.14312759e-02
7.46672034e-01	3.70102189e-02	1.15461284e-02
7.47133076e-01	3.70313115e-02	1.18196774e-02
7.47594118e-01	3.17960978e-02	1.18805226e-02
7.48055160e-01	2.70855781e-02	1.20257502e-02
7.48516262e-01	2.79671345e-02	1.22788670e-02
7.48977304e-01	2.95071863e-02	1.25349434e-02
7.49438345e-01	2.72137579e-02	1.28060030e-02
7.49899387e-01	2.44347341e-02	1.28927398e-02
7.50360489e-01	3.06524299e-02	1.34699475e-02
7.50821531e-01	2.82481313e-02	1.37167033e-02
7.51282573e-01	3.11029665e-02	1.40580293e-02
7.51743615e-01	3.19432877e-02	1.45977791e-02
7.52204657e-01	1.71920322e-02	1.44307371e-02
7.52665758e-01	2.92150434e-02	1.54590011e-02
7.53126800e-01	3.20186689e-02	1.58859361e-02
7.53587842e-01	3.38884220e-02	1.64549928e-02
7.54048884e-01	2.78248880e-02	1.68937538e-02
7.54509926e-01	3.27035673e-02	1.77103337e-02
7.54971027e-01	4.40953448e-02	1.91343911e-02
7.55432069e-01	4.64841463e-02	1.98904295e-02
7.55893111e-01	3.69995646e-02	2.04211660e-02
7.56354153e-01	4.84325998e-02	2.24810038e-02
7.56815195e-01	4.77218442e-02	2.36083940e-02
7.57276297e-01	4.66256216e-02	2.56570764e-02
7.57737339e-01	2.14142539e-02	2.62721237e-02
7.58198380e-01	3.64822224e-02	3.01448703e-02
7.58659422e-01	4.27709147e-02	3.50828059e-02
7.59120464e-01	4.02408503e-02	4.10402007e-02
7.59581566e-01	7.85686523e-02	5.87225147e-02
7.60042608e-01	1.54523347e-02	8.99845734e-02
