q[nm-1]	I(q)[sr-1]_Rocca_10m_eiger2_00001_00_00002_av_ave.h5_00001_[NS1_25C]_trm=0.873862	error
6.67967554e-03	2.39074531e+04	4.56254339e+00
7.14073004e-03	1.90298945e+04	2.62831807e+00
7.60178454e-03	1.51027842e+04	1.99977756e+00
8.06283858e-03	1.19059688e+04	1.59192586e+00
8.52389354e-03	9.55218164e+03	1.31502163e+00
8.98494758e-03	7.79100000e+03	1.11044121e+00
9.44600254e-03	6.41108984e+03	9.51049149e-01
9.90705658e-03	5.30016309e+03	8.21441233e-01
1.03681115e-02	4.44180420e+03	7.18163788e-01
1.08291656e-02	3.75710278e+03	6.35772109e-01
1.12902196e-02	3.19114038e+03	5.64814448e-01
1.17512746e-02	2.71312061e+03	5.01942277e-01
1.22123286e-02	2.34225659e+03	4.51911271e-01
1.26733836e-02	2.02646912e+03	4.08046633e-01
1.31344376e-02	1.75909875e+03	3.70197833e-01
1.35954916e-02	1.53100500e+03	3.36347759e-01
1.40565466e-02	1.33744934e+03	3.06618720e-01
1.45176006e-02	1.17181360e+03	2.80112565e-01
1.49786556e-02	1.03331921e+03	2.57080644e-01
1.54397096e-02	9.09783936e+02	2.35947892e-01
1.59007646e-02	8.07102478e+02	2.17768520e-01
1.63618177e-02	7.17195129e+02	2.01216742e-01
1.68228727e-02	6.43981750e+02	1.87370345e-01
1.72839276e-02	5.77597412e+02	1.74092695e-01
1.77449826e-02	5.20636047e+02	1.62458703e-01
1.82060357e-02	4.68288330e+02	1.49172679e-01
1.86670907e-02	4.22814789e+02	1.35435119e-01
1.91281457e-02	3.81040283e+02	1.24574579e-01
1.95891988e-02	3.45204468e+02	1.16171852e-01
2.00502537e-02	3.13794037e+02	1.09340861e-01
2.05113087e-02	2.86883881e+02	1.03269830e-01
2.09723637e-02	2.62689240e+02	9.76360217e-02
2.14334168e-02	2.40749207e+02	9.23518762e-02
2.18944717e-02	2.21908981e+02	8.76141563e-02
2.23555267e-02	2.05418884e+02	8.32808837e-02
2.28165798e-02	1.88873520e+02	7.87352100e-02
2.32776348e-02	1.73827560e+02	7.46961907e-02
2.37386897e-02	1.60130615e+02	7.09486753e-02
2.41997447e-02	1.48279770e+02	6.75669983e-02
2.46607978e-02	1.37428482e+02	6.44439459e-02
2.51218528e-02	1.27578392e+02	6.14985824e-02
2.55829077e-02	1.18887383e+02	5.88042215e-02
2.60439608e-02	1.10407417e+02	5.61110601e-02
2.65050158e-02	1.02693031e+02	5.36069907e-02
2.69660708e-02	9.58007126e+01	5.13450988e-02
2.74271239e-02	8.97284775e+01	4.92675677e-02
2.78881788e-02	8.42240067e+01	4.73419093e-02
2.83492338e-02	7.84292068e+01	4.52674367e-02
2.88102888e-02	7.33992233e+01	4.34335694e-02
2.92713419e-02	6.89281845e+01	4.17522565e-02
2.97323968e-02	6.50487747e+01	4.02520187e-02
3.01934518e-02	6.12674446e+01	3.87622789e-02
3.06545049e-02	5.78113060e+01	3.75978127e-02
3.11155599e-02	5.46230507e+01	3.70221734e-02
3.15766148e-02	5.17047234e+01	3.62374187e-02
3.20376679e-02	4.88908653e+01	3.53372209e-02
3.24987248e-02	4.62220955e+01	3.44008990e-02
3.29597779e-02	4.38525963e+01	3.35374661e-02
3.34208310e-02	4.15579796e+01	3.26279029e-02
3.38818878e-02	3.94094849e+01	3.17200348e-02
3.43429409e-02	3.75059166e+01	3.08986343e-02
3.48039940e-02	3.58295517e+01	3.01821977e-02
3.52650508e-02	3.41769600e+01	2.94402577e-02
3.57261039e-02	3.27623672e+01	2.87780166e-02
3.61871570e-02	3.12977810e+01	2.80606113e-02
3.66482139e-02	3.02947540e+01	2.75405981e-02
3.71092670e-02	2.96584225e+01	2.71859672e-02
3.75703238e-02	2.96265469e+01	2.70942841e-02
3.80313769e-02	3.08987370e+01	2.76153442e-02
3.84924300e-02	3.26633530e+01	2.83272956e-02
3.89534868e-02	3.35847435e+01	2.86377259e-02
3.94145399e-02	3.38597603e+01	2.86977794e-02
3.98755930e-02	3.29175453e+01	2.82277763e-02
4.03366499e-02	3.06790638e+01	2.71565802e-02
4.07977030e-02	2.83786182e+01	2.60462705e-02
4.12587561e-02	2.63092442e+01	2.50130948e-02
4.17198129e-02	2.44638691e+01	2.40521487e-02
4.21808660e-02	2.29342728e+01	2.32210923e-02
4.26419191e-02	2.16367359e+01	2.24858914e-02
4.31029759e-02	2.05555058e+01	2.18817312e-02
4.35640290e-02	1.93596268e+01	2.11612843e-02
4.40250821e-02	1.82217503e+01	2.04582959e-02
4.44861390e-02	1.72844791e+01	1.98839735e-02
4.49471921e-02	1.64196186e+01	1.93269309e-02
4.54082489e-02	1.55540190e+01	1.87536217e-02
4.58693020e-02	1.47378321e+01	1.81983877e-02
4.63303551e-02	1.40481682e+01	1.77247394e-02
4.67914119e-02	1.33881226e+01	1.72520597e-02
4.72524650e-02	1.28088064e+01	1.68359596e-02
4.77135181e-02	1.22393799e+01	1.64108779e-02
4.81745750e-02	1.17021713e+01	1.59847159e-02
4.86356281e-02	1.12445383e+01	1.53491665e-02
4.90966812e-02	1.07767382e+01	1.47226164e-02
4.95577380e-02	1.03459272e+01	1.42284771e-02
5.00187911e-02	9.94904232e+00	1.37963155e-02
5.04798442e-02	9.60172653e+00	1.36270374e-02
5.09409010e-02	9.29603386e+00	1.35333845e-02
5.14019541e-02	8.92945576e+00	1.32799018e-02
5.18630110e-02	8.57216740e+00	1.30104506e-02
5.23240641e-02	8.29797459e+00	1.28077706e-02
5.27851172e-02	7.97165537e+00	1.25369504e-02
5.32461740e-02	7.70540571e+00	1.23097878e-02
5.37072271e-02	7.48744202e+00	1.21170525e-02
5.41682802e-02	7.21974611e+00	1.18809659e-02
5.46293370e-02	6.96783686e+00	1.16480812e-02
5.50903901e-02	6.73686028e+00	1.14333704e-02
5.55514432e-02	6.51089811e+00	1.12168146e-02
5.60125001e-02	6.31914949e+00	1.08593954e-02
5.64735532e-02	6.14151525e+00	1.04983542e-02
5.69346063e-02	5.92405891e+00	1.01721948e-02
5.73956631e-02	5.75173044e+00	9.92353912e-03
5.78567162e-02	5.58710527e+00	9.69644450e-03
5.83177693e-02	5.39250040e+00	9.43726860e-03
5.87788261e-02	5.23450899e+00	9.23685543e-03
5.92398793e-02	5.07680130e+00	9.02621634e-03
5.97009361e-02	4.94556952e+00	8.83341767e-03
6.01619892e-02	4.82361603e+00	8.65501259e-03
6.06230423e-02	4.67275524e+00	8.45167600e-03
6.10840991e-02	4.54280949e+00	8.27914011e-03
6.15451522e-02	4.41370440e+00	8.10060278e-03
6.20062053e-02	4.29302502e+00	7.93427136e-03
6.24672621e-02	4.18589211e+00	7.78783765e-03
6.29283190e-02	4.04926825e+00	7.60592986e-03
6.33893684e-02	3.93460298e+00	7.45652849e-03
6.38504252e-02	3.84114933e+00	7.32694939e-03
6.43114820e-02	3.74057293e+00	7.18939630e-03
6.47725314e-02	3.64681792e+00	7.07076211e-03
6.52335882e-02	3.53709292e+00	6.94085751e-03
6.56946450e-02	3.43675113e+00	6.81498693e-03
6.61556944e-02	3.35528374e+00	6.70280680e-03
6.66167513e-02	3.27829170e+00	6.59985840e-03
6.70778081e-02	3.19660926e+00	6.48810482e-03
6.75388575e-02	3.13030720e+00	6.39641238e-03
6.79999143e-02	3.03202748e+00	6.26939535e-03
6.84609711e-02	2.96423435e+00	6.17631525e-03
6.89220205e-02	2.89952922e+00	6.08314155e-03
6.93830773e-02	2.82866383e+00	5.99110732e-03
6.98441342e-02	2.75095153e+00	5.88972215e-03
7.03051835e-02	2.69029307e+00	5.80864446e-03
7.07662404e-02	2.63501477e+00	5.73644880e-03
7.12272972e-02	2.57060957e+00	5.66018792e-03
7.16883466e-02	2.49122071e+00	5.55577129e-03
7.21494034e-02	2.44999313e+00	5.50313247e-03
7.26104602e-02	2.40329480e+00	5.43633197e-03
7.30715096e-02	2.33244562e+00	5.34432847e-03
7.35325664e-02	2.27647376e+00	5.27383015e-03
7.39936233e-02	2.22622943e+00	5.20055601e-03
7.44546726e-02	2.17613316e+00	5.13069285e-03
7.49157295e-02	2.14021277e+00	5.07038971e-03
7.53767863e-02	2.10183620e+00	5.00670541e-03
7.58378357e-02	2.05464172e+00	4.94428305e-03
7.62988925e-02	1.99840784e+00	4.86327196e-03
7.67599493e-02	1.95000732e+00	4.78854449e-03
7.72210062e-02	1.91416895e+00	4.73513920e-03
7.76820555e-02	1.87338078e+00	4.67117736e-03
7.81431124e-02	1.84508812e+00	4.62393509e-03
7.86041692e-02	1.81737459e+00	4.57739783e-03
7.90652186e-02	1.77713680e+00	4.51501692e-03
7.95262754e-02	1.73942316e+00	4.46005119e-03
7.99873322e-02	1.69713914e+00	4.39398456e-03
8.04483816e-02	1.66553319e+00	4.34695324e-03
8.09094384e-02	1.62583101e+00	4.28381143e-03
8.13704953e-02	1.59477293e+00	4.23541991e-03
8.18315446e-02	1.56274843e+00	4.18785028e-03
8.22926015e-02	1.52486718e+00	4.12578415e-03
8.27536583e-02	1.50112295e+00	4.08516824e-03
8.32147077e-02	1.46825600e+00	4.03072126e-03
8.36757645e-02	1.43747711e+00	3.98028968e-03
8.41368213e-02	1.40989208e+00	3.93373193e-03
8.45978707e-02	1.39057934e+00	3.90063296e-03
8.50589275e-02	1.36208737e+00	3.85184633e-03
8.55199844e-02	1.33462560e+00	3.80895706e-03
8.59810337e-02	1.31027734e+00	3.76802473e-03
8.64420906e-02	1.28952062e+00	3.73218139e-03
8.69031474e-02	1.25884438e+00	3.67778027e-03
8.73641968e-02	1.23804748e+00	3.64421867e-03
8.78252536e-02	1.21623755e+00	3.60633247e-03
8.82863104e-02	1.19158638e+00	3.56738642e-03
8.87473598e-02	1.16139996e+00	3.51680862e-03
8.92084166e-02	1.14888108e+00	3.49175907e-03
8.96694735e-02	1.12629974e+00	3.45138391e-03
9.01305228e-02	1.10617626e+00	3.41707631e-03
9.05915797e-02	1.09189665e+00	3.39187752e-03
9.10526365e-02	1.06735933e+00	3.34659475e-03
9.15136859e-02	1.05425990e+00	3.32262926e-03
9.19747427e-02	1.03646839e+00	3.28885322e-03
9.24357995e-02	1.01345098e+00	3.25001078e-03
9.28968564e-02	9.98869419e-01	3.22236819e-03
9.33579057e-02	9.84717667e-01	3.19352676e-03
9.38189626e-02	9.69182014e-01	3.16668674e-03
9.42800194e-02	9.50529575e-01	3.13323922e-03
9.47410688e-02	9.42877591e-01	3.11659905e-03
9.52021256e-02	9.24820125e-01	3.08264862e-03
9.56631824e-02	9.06857550e-01	3.05089285e-03
9.61242318e-02	8.94696712e-01	3.02668684e-03
9.65852886e-02	8.78567755e-01	2.99901306e-03
9.70463455e-02	8.64336431e-01	2.97102495e-03
9.75073949e-02	8.58769119e-01	2.95447721e-03
9.79684517e-02	8.37603390e-01	2.91551417e-03
9.84295085e-02	8.24167490e-01	2.89040385e-03
9.88905579e-02	8.15912306e-01	2.87311361e-03
9.93516147e-02	8.00090253e-01	2.84433784e-03
9.98126715e-02	7.87494719e-01	2.81986664e-03
1.00273721e-01	7.73853302e-01	2.79155700e-03
1.00734778e-01	7.64306724e-01	2.77237338e-03
1.01195835e-01	7.56355524e-01	2.75459746e-03
1.01656884e-01	7.46291697e-01	2.73249741e-03
1.02117941e-01	7.33901024e-01	2.71075172e-03
1.02578998e-01	7.20279992e-01	2.68415222e-03
1.03040047e-01	7.11769104e-01	2.66474602e-03
1.03501104e-01	7.03841746e-01	2.64948932e-03
1.03962161e-01	6.91649914e-01	2.62346747e-03
1.04423210e-01	6.84451103e-01	2.60671927e-03
1.04884267e-01	6.76273525e-01	2.59016803e-03
1.05345324e-01	6.64109290e-01	2.56546261e-03
1.05806373e-01	6.56877935e-01	2.55025015e-03
1.06267430e-01	6.46857738e-01	2.52782344e-03
1.06728487e-01	6.41228378e-01	2.51620705e-03
1.07189544e-01	6.32078469e-01	2.49629118e-03
1.07650593e-01	6.23809040e-01	2.47554900e-03
1.08111650e-01	6.22378170e-01	2.46909144e-03
1.08572707e-01	6.14322364e-01	2.45176675e-03
1.09033756e-01	6.03311658e-01	2.42756680e-03
1.09494813e-01	5.99487603e-01	2.41849013e-03
1.09955870e-01	5.89282095e-01	2.39693816e-03
1.10416919e-01	5.85640132e-01	2.38728174e-03
1.10877976e-01	5.83018959e-01	2.37826444e-03
1.11339033e-01	5.73327005e-01	2.35619815e-03
1.11800082e-01	5.64756632e-01	2.33728276e-03
1.12261139e-01	5.59847653e-01	2.32477277e-03
1.12722196e-01	5.58586359e-01	2.31990544e-03
1.13183245e-01	5.50838649e-01	2.29887478e-03
1.13644302e-01	5.54235756e-01	2.30214396e-03
1.14105359e-01	5.47077417e-01	2.28266953e-03
1.14566408e-01	5.49429476e-01	2.28355709e-03
1.15027465e-01	5.46420038e-01	2.27288413e-03
1.15488522e-01	5.40651858e-01	2.25703022e-03
1.15949571e-01	5.44733226e-01	2.26085773e-03
1.16410628e-01	5.44589341e-01	2.25418480e-03
1.16871685e-01	5.40048301e-01	2.24126759e-03
1.17332734e-01	5.36541700e-01	2.23115319e-03
1.17793791e-01	5.34488201e-01	2.22354615e-03
1.18254848e-01	5.33632874e-01	2.21976801e-03
1.18715897e-01	5.22866368e-01	2.19530612e-03
1.19176954e-01	5.18988907e-01	2.18783901e-03
1.19638011e-01	5.11899829e-01	2.17197067e-03
1.20099060e-01	5.03222227e-01	2.15351512e-03
1.20560117e-01	4.95901346e-01	2.13761791e-03
1.21021174e-01	4.86012816e-01	2.11768132e-03
1.21482231e-01	4.80967522e-01	2.10717088e-03
1.21943280e-01	4.74914283e-01	2.09342991e-03
1.22404337e-01	4.68632668e-01	2.07974971e-03
1.22865394e-01	4.58979368e-01	2.06104992e-03
1.23326443e-01	4.52678680e-01	2.04875087e-03
1.23787500e-01	4.46468145e-01	2.03477638e-03
1.24248557e-01	4.35919493e-01	2.01302255e-03
1.24709606e-01	4.32029516e-01	2.00271560e-03
1.25170663e-01	4.26270217e-01	1.98971340e-03
1.25631720e-01	4.19076294e-01	1.97404134e-03
1.26092777e-01	4.13368374e-01	1.96060585e-03
1.26553819e-01	4.08795625e-01	1.94997375e-03
1.27014875e-01	4.03172046e-01	1.93854922e-03
1.27475932e-01	3.94486666e-01	1.92079286e-03
1.27936989e-01	3.90270680e-01	1.91054435e-03
1.28398046e-01	3.88472944e-01	1.90543267e-03
1.28859103e-01	3.80195260e-01	1.88762613e-03
1.29320160e-01	3.73420000e-01	1.87146035e-03
1.29781201e-01	3.70936960e-01	1.86457508e-03
1.30242258e-01	3.64309877e-01	1.84919790e-03
1.30703315e-01	3.60286921e-01	1.84009876e-03
1.31164372e-01	3.54651719e-01	1.82695885e-03
1.31625429e-01	3.51415962e-01	1.81951176e-03
1.32086486e-01	3.43472451e-01	1.80265703e-03
1.32547528e-01	3.38372558e-01	1.79074227e-03
1.33008584e-01	3.38579506e-01	1.78899697e-03
1.33469641e-01	3.30298036e-01	1.77100569e-03
1.33930698e-01	3.23451936e-01	1.75753853e-03
1.34391755e-01	3.22609216e-01	1.75378507e-03
1.34852812e-01	3.16789299e-01	1.73945609e-03
1.35313854e-01	3.13218623e-01	1.73086405e-03
1.35774910e-01	3.08423728e-01	1.71920634e-03
1.36235967e-01	3.03350091e-01	1.70986459e-03
1.36697024e-01	2.98415750e-01	1.69851072e-03
1.37158081e-01	2.92058617e-01	1.68341608e-03
1.37619138e-01	2.91471809e-01	1.68213446e-03
1.38080180e-01	2.86204576e-01	1.66842726e-03
1.38541237e-01	2.82765657e-01	1.66113465e-03
1.39002293e-01	2.78682679e-01	1.65226951e-03
1.39463350e-01	2.73105651e-01	1.63719070e-03
1.39924407e-01	2.74166077e-01	1.63785194e-03
1.40385464e-01	2.71498263e-01	1.63128821e-03
1.40846506e-01	2.67906070e-01	1.62271049e-03
1.41307563e-01	2.61189073e-01	1.60875835e-03
1.41768619e-01	2.56760269e-01	1.59907737e-03
1.42229676e-01	2.53816783e-01	1.59022526e-03
1.42690733e-01	2.53265351e-01	1.58906053e-03
1.43151790e-01	2.47185275e-01	1.57431024e-03
1.43612847e-01	2.46810436e-01	1.57230452e-03
1.44073889e-01	2.42995009e-01	1.56256917e-03
1.44534945e-01	2.39368066e-01	1.55374897e-03
1.44996002e-01	2.36884415e-01	1.54697825e-03
1.45457059e-01	2.34707654e-01	1.54081278e-03
1.45918116e-01	2.32940331e-01	1.53651275e-03
1.46379173e-01	2.26401046e-01	1.52121845e-03
1.46840215e-01	2.23604441e-01	1.51507545e-03
1.47301272e-01	2.21800745e-01	1.51123700e-03
1.47762328e-01	2.19697282e-01	1.50552497e-03
1.48223385e-01	2.17690453e-01	1.49882317e-03
1.48684442e-01	2.12685943e-01	1.48847629e-03
1.49145499e-01	2.09808886e-01	1.48161966e-03
1.49606541e-01	2.08462477e-01	1.47628470e-03
1.50067598e-01	2.07343891e-01	1.47295464e-03
1.50528654e-01	2.04844877e-01	1.46648637e-03
1.50989711e-01	2.00147808e-01	1.45520736e-03
1.51450768e-01	1.99944079e-01	1.45329093e-03
1.51911825e-01	1.98818550e-01	1.44866237e-03
1.52372867e-01	1.95929572e-01	1.44294149e-03
1.52833924e-01	1.92109808e-01	1.43369124e-03
1.53294981e-01	1.91786110e-01	1.42981776e-03
1.53756037e-01	1.91121161e-01	1.42740400e-03
1.54217094e-01	1.87822819e-01	1.41929567e-03
1.54678151e-01	1.86364591e-01	1.41570519e-03
1.55139193e-01	1.84635863e-01	1.41097268e-03
1.55600250e-01	1.81830868e-01	1.40352827e-03
1.56061307e-01	1.80484816e-01	1.40005408e-03
1.56522363e-01	1.77864030e-01	1.39275310e-03
1.56983420e-01	1.76867887e-01	1.39004202e-03
1.57444477e-01	1.74732253e-01	1.38478284e-03
1.57905519e-01	1.72592536e-01	1.37894473e-03
1.58366576e-01	1.71713963e-01	1.37618009e-03
1.58827633e-01	1.69818342e-01	1.37062813e-03
1.59288689e-01	1.67990610e-01	1.36420899e-03
1.59749746e-01	1.67243615e-01	1.36180618e-03
1.60210803e-01	1.64172605e-01	1.35448773e-03
1.60671860e-01	1.64021567e-01	1.35354977e-03
1.61132902e-01	1.62973508e-01	1.34942436e-03
1.61593959e-01	1.60519198e-01	1.34294014e-03
1.62055016e-01	1.59161314e-01	1.33877422e-03
1.62516072e-01	1.56732038e-01	1.33181619e-03
1.62977129e-01	1.56226218e-01	1.32953224e-03
1.63438186e-01	1.55882284e-01	1.32705388e-03
1.63899228e-01	1.53885111e-01	1.32166664e-03
1.64360285e-01	1.52760580e-01	1.31827849e-03
1.64821342e-01	1.52023062e-01	1.31453830e-03
1.65282398e-01	1.50791094e-01	1.31116877e-03
1.65743455e-01	1.47839472e-01	1.30365056e-03
1.66204512e-01	1.46495745e-01	1.29911897e-03
1.66665554e-01	1.46449909e-01	1.29711232e-03
1.67126611e-01	1.44942567e-01	1.29275874e-03
1.67587668e-01	1.44550577e-01	1.29027700e-03
1.68048725e-01	1.43341482e-01	1.28504890e-03
1.68509781e-01	1.42143741e-01	1.28192897e-03
1.68970838e-01	1.40187249e-01	1.27625768e-03
1.69431880e-01	1.39559522e-01	1.27378816e-03
1.69892937e-01	1.38694033e-01	1.27040781e-03
1.70353994e-01	1.37502372e-01	1.26663991e-03
1.70815051e-01	1.35956421e-01	1.26192218e-03
1.71276107e-01	1.35034874e-01	1.25854020e-03
1.71737164e-01	1.33971393e-01	1.25520432e-03
1.72198206e-01	1.31450787e-01	1.24788296e-03
1.72659263e-01	1.29616469e-01	1.24296267e-03
1.73120320e-01	1.30588666e-01	1.24385639e-03
1.73581377e-01	1.30147353e-01	1.24037708e-03
1.74042434e-01	1.29296586e-01	1.23652036e-03
1.74503490e-01	1.27452508e-01	1.23123045e-03
1.74964547e-01	1.26563936e-01	1.22835755e-03
1.75425589e-01	1.24273591e-01	1.22035644e-03
1.75886646e-01	1.25468224e-01	1.22184784e-03
1.76347703e-01	1.23449199e-01	1.21660077e-03
1.76808760e-01	1.22351281e-01	1.21235545e-03
1.77269816e-01	1.23697251e-01	1.21337560e-03
1.77730873e-01	1.21177487e-01	1.20673445e-03
1.78191915e-01	1.20539211e-01	1.20469683e-03
1.78652972e-01	1.21274889e-01	1.20379985e-03
1.79114029e-01	1.20516561e-01	1.20003766e-03
1.79575086e-01	1.19451053e-01	1.19718362e-03
1.80036142e-01	1.17005169e-01	1.19064446e-03
1.80497199e-01	1.16037309e-01	1.18815899e-03
1.80958241e-01	1.15006886e-01	1.18466094e-03
1.81419298e-01	1.15114301e-01	1.18240924e-03
1.81880355e-01	1.14966236e-01	1.18071889e-03
1.82341412e-01	1.13816626e-01	1.17740943e-03
1.82802469e-01	1.13459490e-01	1.17458415e-03
1.83263525e-01	1.12767123e-01	1.17175025e-03
1.83724567e-01	1.11376069e-01	1.16818666e-03
1.84185624e-01	1.10197507e-01	1.16449583e-03
1.84646681e-01	1.10026963e-01	1.16179883e-03
1.85107738e-01	1.10883795e-01	1.16185355e-03
1.85568795e-01	1.09543972e-01	1.15742930e-03
1.86029851e-01	1.07707538e-01	1.15279376e-03
1.86490893e-01	1.08023912e-01	1.15207210e-03
1.86951950e-01	1.06540501e-01	1.14695542e-03
1.87413007e-01	1.07190810e-01	1.14741852e-03
1.87874064e-01	1.07457310e-01	1.14633830e-03
1.88335121e-01	1.06320642e-01	1.14189950e-03
1.88796178e-01	1.05419278e-01	1.13912544e-03
1.89257234e-01	1.04715459e-01	1.13661971e-03
1.89718276e-01	1.04422361e-01	1.13410212e-03
1.90179333e-01	1.04369409e-01	1.13216031e-03
1.90640390e-01	1.04548149e-01	1.13114587e-03
1.91101447e-01	1.04206808e-01	1.12800242e-03
1.91562504e-01	1.04949415e-01	1.12753897e-03
1.92023560e-01	1.03019349e-01	1.12268061e-03
1.92484602e-01	1.02769963e-01	1.12189597e-03
1.92945659e-01	1.02727719e-01	1.11990597e-03
1.93406716e-01	1.01203263e-01	1.11553376e-03
1.93867773e-01	1.01447023e-01	1.11570989e-03
1.94328830e-01	1.01720951e-01	1.11463235e-03
1.94789886e-01	1.01479925e-01	1.11277658e-03
1.95250928e-01	1.00536436e-01	1.10936968e-03
1.95711985e-01	1.01526074e-01	1.11057563e-03
1.96173042e-01	1.00615613e-01	1.10715954e-03
1.96634099e-01	9.95188579e-02	1.10321795e-03
1.97095156e-01	9.86706093e-02	1.10092841e-03
1.97556213e-01	9.99806225e-02	1.10231421e-03
1.98017254e-01	9.93835703e-02	1.09902909e-03
1.98478311e-01	9.90739763e-02	1.09811546e-03
1.98939368e-01	9.88606736e-02	1.09607994e-03
1.99400425e-01	9.76601616e-02	1.09205267e-03
1.99861482e-01	9.81597081e-02	1.09171786e-03
2.00322539e-01	9.72877443e-02	1.08926964e-03
2.00783581e-01	9.63523611e-02	1.08597870e-03
2.01244637e-01	9.74194780e-02	1.08632550e-03
2.01705694e-01	9.64718238e-02	1.08344411e-03
2.02166751e-01	9.60316062e-02	1.08147692e-03
2.02627808e-01	9.61740986e-02	1.08075538e-03
2.03088865e-01	9.54483151e-02	1.07865187e-03
2.03549922e-01	9.45124552e-02	1.07522390e-03
2.04010963e-01	9.59074274e-02	1.07718655e-03
2.04472020e-01	9.61740389e-02	1.07632042e-03
2.04933077e-01	9.54995677e-02	1.07394205e-03
2.05394134e-01	9.43319201e-02	1.07080361e-03
2.05855191e-01	9.38094258e-02	1.06864830e-03
2.06316248e-01	9.43800583e-02	1.06839300e-03
2.06777290e-01	9.38098207e-02	1.06596574e-03
2.07238346e-01	9.29077640e-02	1.06941175e-03
2.07699403e-01	9.40712318e-02	1.07943127e-03
2.08160460e-01	9.36451554e-02	1.08190451e-03
2.08621517e-01	9.26026180e-02	1.08305400e-03
2.09082574e-01	9.34511051e-02	1.08768570e-03
2.09543616e-01	9.23361704e-02	1.08707778e-03
2.10004672e-01	9.25000682e-02	1.08979887e-03
2.10465729e-01	9.21806619e-02	1.09006953e-03
2.10926786e-01	9.26213190e-02	1.09196512e-03
2.11387843e-01	9.23492983e-02	1.09309540e-03
2.11848900e-01	9.25847664e-02	1.09505607e-03
2.12309942e-01	9.20031071e-02	1.09418959e-03
2.12770998e-01	9.06280652e-02	1.09222624e-03
2.13232055e-01	9.14161280e-02	1.09474384e-03
2.13693112e-01	9.18115377e-02	1.09475211e-03
2.14154169e-01	9.20307860e-02	1.09532673e-03
2.14615226e-01	9.12751555e-02	1.09386852e-03
2.15076268e-01	9.05978382e-02	1.09251437e-03
2.15537325e-01	9.09418985e-02	1.09403243e-03
2.15998381e-01	9.04895365e-02	1.09307189e-03
2.16459438e-01	9.08400789e-02	1.09388237e-03
2.16920495e-01	9.06612054e-02	1.09423907e-03
2.17381552e-01	9.03990194e-02	1.09358621e-03
2.17842609e-01	9.00930837e-02	1.09306548e-03
2.18303651e-01	9.00805891e-02	1.09444745e-03
2.18764707e-01	8.80012214e-02	1.08994101e-03
2.19225764e-01	8.97389874e-02	1.09387783e-03
2.19686821e-01	9.09258425e-02	1.09586713e-03
2.20147878e-01	8.90434384e-02	1.09268876e-03
2.20608935e-01	8.78091231e-02	1.09069631e-03
2.21069977e-01	8.86888281e-02	1.09255931e-03
2.21531034e-01	8.96149874e-02	1.09410228e-03
2.21992090e-01	8.80194008e-02	1.09049608e-03
2.22453147e-01	8.87570679e-02	1.09266432e-03
2.22914204e-01	8.90177563e-02	1.09316083e-03
2.23375261e-01	8.85902569e-02	1.09220366e-03
2.23836303e-01	8.81305337e-02	1.09162147e-03
2.24297360e-01	8.78919363e-02	1.09117315e-03
2.24758416e-01	8.77943039e-02	1.08754274e-03
2.25219473e-01	8.69371295e-02	1.07675057e-03
2.25680530e-01	8.79913867e-02	1.07357255e-03
2.26141587e-01	8.65660310e-02	1.06571696e-03
2.26602629e-01	8.66128281e-02	1.06305373e-03
2.27063686e-01	8.66716206e-02	1.06012286e-03
2.27524742e-01	8.60773697e-02	1.05605146e-03
2.27985799e-01	8.49203691e-02	1.05119601e-03
2.28446856e-01	8.54343176e-02	1.04966632e-03
2.28907913e-01	8.57647732e-02	1.04843685e-03
2.29368955e-01	8.46903995e-02	1.04432937e-03
2.29830012e-01	8.46249387e-02	1.04134565e-03
2.30291069e-01	8.50655958e-02	1.04074262e-03
2.30752125e-01	8.32147971e-02	1.03581697e-03
2.31213182e-01	8.30254108e-02	1.03498646e-03
2.31674239e-01	8.20988864e-02	1.03121833e-03
2.32135296e-01	8.33675265e-02	1.03219890e-03
2.32596338e-01	8.22861642e-02	1.02759537e-03
2.33057395e-01	8.24513212e-02	1.02726300e-03
2.33518451e-01	8.12878683e-02	1.02345180e-03
2.33979508e-01	8.05092528e-02	1.02020602e-03
2.34440565e-01	8.07808191e-02	1.01887551e-03
2.34901622e-01	8.08459595e-02	1.01723068e-03
2.35362664e-01	7.95706511e-02	1.01273984e-03
2.35823721e-01	7.97105953e-02	1.01155462e-03
2.36284778e-01	7.92282373e-02	1.00961037e-03
2.36745834e-01	7.87955299e-02	1.00741175e-03
2.37206891e-01	7.69264475e-02	1.00188726e-03
2.37667948e-01	7.81615078e-02	1.00339379e-03
2.38128990e-01	7.75986016e-02	1.00069132e-03
2.38590047e-01	7.70883337e-02	9.98194213e-04
2.39051104e-01	7.73830712e-02	9.97021212e-04
2.39512160e-01	7.61208609e-02	9.93387541e-04
2.39973217e-01	7.58556202e-02	9.91517329e-04
2.40434274e-01	7.62666985e-02	9.91450856e-04
2.40895316e-01	7.51086473e-02	9.88022308e-04
2.41356373e-01	7.45507553e-02	9.85527760e-04
2.41817430e-01	7.36613050e-02	9.82325990e-04
2.42278486e-01	7.42049515e-02	9.82436584e-04
2.42739543e-01	7.36930668e-02	9.79961129e-04
2.43200600e-01	7.33146966e-02	9.77918040e-04
2.43661642e-01	7.28139207e-02	9.76072799e-04
2.44122699e-01	7.17375427e-02	9.72976326e-04
2.44583756e-01	7.19250739e-02	9.72451235e-04
2.45044813e-01	7.16410354e-02	9.70106164e-04
2.45505869e-01	7.20092431e-02	9.69735323e-04
2.45966926e-01	7.00740442e-02	9.64780513e-04
2.46427983e-01	6.99935034e-02	9.64279927e-04
2.46889025e-01	6.90711066e-02	9.60892998e-04
2.47350082e-01	6.91132993e-02	9.59911267e-04
2.47811139e-01	6.89201057e-02	9.58671037e-04
2.48272195e-01	6.79868609e-02	9.55562107e-04
2.48733252e-01	6.78901672e-02	9.54454241e-04
2.49194309e-01	6.77759871e-02	9.52638860e-04
2.49655351e-01	6.78950921e-02	9.51781520e-04
2.50116408e-01	6.75447285e-02	9.50047746e-04
2.50577480e-01	6.66455626e-02	9.47506342e-04
2.51038522e-01	6.59131929e-02	9.44474537e-04
2.51499563e-01	6.59515336e-02	9.43844672e-04
2.51960635e-01	6.50039092e-02	9.40960308e-04
2.52421677e-01	6.51123673e-02	9.39628168e-04
2.52882749e-01	6.55924752e-02	9.39642254e-04
2.53343791e-01	6.40853792e-02	9.36035940e-04
2.53804833e-01	6.39296845e-02	9.34754382e-04
2.54265904e-01	6.41667247e-02	9.34280048e-04
2.54726946e-01	6.41838685e-02	9.32916475e-04
2.55188018e-01	6.36606216e-02	9.30514128e-04
2.55649060e-01	6.42861724e-02	9.31032060e-04
2.56110132e-01	6.28214404e-02	9.27382789e-04
2.56571174e-01	6.19688444e-02	9.24936030e-04
2.57032216e-01	6.14797622e-02	9.23153071e-04
2.57493287e-01	6.12787865e-02	9.22426640e-04
2.57954329e-01	6.12854064e-02	9.20946244e-04
2.58415401e-01	6.16536774e-02	9.20485356e-04
2.58876443e-01	6.13568835e-02	9.18946869e-04
2.59337485e-01	6.01951927e-02	9.15819372e-04
2.59798557e-01	6.03051372e-02	9.15682584e-04
2.60259598e-01	6.03959747e-02	9.14749166e-04
2.60720670e-01	6.01681024e-02	9.13634372e-04
2.61181712e-01	5.95266707e-02	9.11297859e-04
2.61642784e-01	5.97952865e-02	9.10854433e-04
2.62103826e-01	5.87576181e-02	9.08092479e-04
2.62564868e-01	5.87004237e-02	9.07646783e-04
2.63025939e-01	5.75857162e-02	9.04458051e-04
2.63486981e-01	5.75508811e-02	9.03585460e-04
2.63948053e-01	5.83762936e-02	9.03925044e-04
2.64409095e-01	5.84926493e-02	9.03387496e-04
2.64870167e-01	5.74856587e-02	9.00839281e-04
2.65331209e-01	5.71669079e-02	8.99710692e-04
2.65792251e-01	5.72690330e-02	8.99241655e-04
2.66253322e-01	5.78890480e-02	8.99502716e-04
2.66714364e-01	5.70727438e-02	8.97050893e-04
2.67175436e-01	5.63139506e-02	8.94987374e-04
2.67636478e-01	5.64532876e-02	8.94254888e-04
2.68097520e-01	5.62886186e-02	8.93486605e-04
2.68558592e-01	5.57646863e-02	8.91595730e-04
2.69019634e-01	5.60337454e-02	8.91548931e-04
2.69480705e-01	5.51145263e-02	8.89276213e-04
2.69941747e-01	5.48232757e-02	8.87687493e-04
2.70402819e-01	5.55119775e-02	8.88512062e-04
2.70863861e-01	5.49177639e-02	8.86750291e-04
2.71324903e-01	5.46925627e-02	8.85387766e-04
2.71785975e-01	5.41987978e-02	8.83820001e-04
2.72247016e-01	5.46042584e-02	8.84188164e-04
2.72708088e-01	5.43919504e-02	8.82965978e-04
2.73169130e-01	5.37332147e-02	8.81042739e-04
2.73630172e-01	5.37839048e-02	8.80201813e-04
2.74091244e-01	5.36824763e-02	8.79398140e-04
2.74552286e-01	5.39469756e-02	8.79479165e-04
2.75013357e-01	5.37459068e-02	8.78151914e-04
2.75474399e-01	5.23733087e-02	8.75024416e-04
2.75935471e-01	5.30615598e-02	8.75702128e-04
2.76396513e-01	5.32742441e-02	8.75513186e-04
2.76857555e-01	5.22297509e-02	8.73049430e-04
2.77318627e-01	5.26215620e-02	8.72637029e-04
2.77779669e-01	5.23233861e-02	8.71287659e-04
2.78240740e-01	5.15820347e-02	8.69367330e-04
2.78701782e-01	5.17581813e-02	8.68903589e-04
2.79162854e-01	5.27721755e-02	8.70454940e-04
2.79623896e-01	5.17602228e-02	8.67575873e-04
2.80084938e-01	5.12437560e-02	8.66086804e-04
2.80546010e-01	5.07850163e-02	8.65195936e-04
2.81007051e-01	5.03855087e-02	8.63325840e-04
2.81468123e-01	5.06658368e-02	8.63149471e-04
2.81929165e-01	5.06839193e-02	8.62965244e-04
2.82390207e-01	5.03026135e-02	8.61648354e-04
2.82851279e-01	5.05016260e-02	8.61205161e-04
2.83312321e-01	5.04117273e-02	8.60314176e-04
2.83773392e-01	4.98089977e-02	8.58435873e-04
2.84234434e-01	4.97807451e-02	8.58353742e-04
2.84695506e-01	4.89911176e-02	8.56228929e-04
2.85156548e-01	4.93496321e-02	8.55853257e-04
2.85617590e-01	4.96042818e-02	8.55244522e-04
2.86078662e-01	4.95923311e-02	8.55288352e-04
2.86539704e-01	4.86489497e-02	8.58263054e-04
2.87000775e-01	4.88584042e-02	8.62236950e-04
2.87461817e-01	4.93394993e-02	8.65484704e-04
2.87922859e-01	4.87836450e-02	8.65889655e-04
2.88383931e-01	4.85603996e-02	8.67485651e-04
2.88844973e-01	4.80464064e-02	8.67380702e-04
2.89306045e-01	4.84795533e-02	8.69490555e-04
2.89767087e-01	4.79233712e-02	8.69414012e-04
2.90228158e-01	4.85475250e-02	8.71615543e-04
2.90689200e-01	4.69213687e-02	8.68872856e-04
2.91150242e-01	4.63654883e-02	8.67738505e-04
2.91611314e-01	4.69658636e-02	8.69293814e-04
2.92072356e-01	4.68423516e-02	8.69131356e-04
2.92533427e-01	4.72804606e-02	8.70364194e-04
2.92994469e-01	4.55744229e-02	8.67693278e-04
2.93455541e-01	4.56690490e-02	8.68545438e-04
2.93916583e-01	4.59169038e-02	8.69162497e-04
2.94377625e-01	4.59690727e-02	8.69106443e-04
2.94838697e-01	4.53459881e-02	8.67463241e-04
2.95299739e-01	4.59984541e-02	8.69253243e-04
2.95760810e-01	4.54424471e-02	8.68792122e-04
2.96221852e-01	4.57607955e-02	8.70089803e-04
2.96682894e-01	4.61108088e-02	8.70596035e-04
2.97143966e-01	4.56340574e-02	8.70058662e-04
2.97605008e-01	4.42555584e-02	8.68038740e-04
2.98066080e-01	4.46936376e-02	8.69236595e-04
2.98527122e-01	4.44083400e-02	8.68641655e-04
2.98988193e-01	4.42480594e-02	8.67915514e-04
2.99449235e-01	4.46634106e-02	8.69119947e-04
2.99910277e-01	4.37005199e-02	8.67525232e-04
3.00371349e-01	4.39711809e-02	8.68510106e-04
3.00832391e-01	4.42048796e-02	8.68515519e-04
3.01293463e-01	4.45013158e-02	8.69016629e-04
3.01754504e-01	4.42800969e-02	8.68650211e-04
3.02215546e-01	4.38495018e-02	8.68054514e-04
3.02676618e-01	4.32724394e-02	8.67163762e-04
3.03137660e-01	4.31088060e-02	8.67187628e-04
3.03598732e-01	4.24470156e-02	8.65978189e-04
3.04059774e-01	4.28896807e-02	8.61772976e-04
3.04520845e-01	4.30332385e-02	8.55852908e-04
3.04981887e-01	4.24281172e-02	8.51313991e-04
3.05442929e-01	4.23920192e-02	8.48250813e-04
3.05904001e-01	4.27073948e-02	8.46152543e-04
3.06365043e-01	4.24798243e-02	8.43767833e-04
3.06826115e-01	4.21760865e-02	8.41361994e-04
3.07287157e-01	4.19662409e-02	8.39171524e-04
3.07748228e-01	4.21000980e-02	8.37386469e-04
3.08209270e-01	4.14274596e-02	8.34589358e-04
3.08670312e-01	4.20473069e-02	8.35038780e-04
3.09131384e-01	4.16738987e-02	8.33089638e-04
3.09592426e-01	4.11396883e-02	8.30859528e-04
3.10053498e-01	4.14968543e-02	8.30486359e-04
3.10514539e-01	4.09482829e-02	8.27980111e-04
3.10975581e-01	4.12104055e-02	8.27165670e-04
3.11436653e-01	4.11751643e-02	8.25516123e-04
3.11897695e-01	4.07514013e-02	8.23582988e-04
3.12358767e-01	4.03417684e-02	8.21730995e-04
3.12819809e-01	4.04873081e-02	8.20864865e-04
3.13280880e-01	4.03816886e-02	8.19322537e-04
3.13741922e-01	4.06064317e-02	8.19018867e-04
3.14202964e-01	4.01026346e-02	8.16749060e-04
3.14664036e-01	4.08578180e-02	8.17051972e-04
3.15125078e-01	3.98707204e-02	8.14181403e-04
3.15586150e-01	4.04036529e-02	8.14449915e-04
3.16047192e-01	3.97660099e-02	8.12061946e-04
3.16508234e-01	3.97659168e-02	8.11181613e-04
3.16969305e-01	4.02094983e-02	8.10943195e-04
3.17430347e-01	3.89566422e-02	8.07748584e-04
3.17891419e-01	3.97750027e-02	8.08328798e-04
3.18352461e-01	4.00910489e-02	8.07638571e-04
3.18813533e-01	3.94472741e-02	8.05783668e-04
3.19274575e-01	3.83592956e-02	8.03049479e-04
3.19735616e-01	3.91940735e-02	8.03784351e-04
3.20196688e-01	3.96407172e-02	8.03666131e-04
3.20657730e-01	3.84856462e-02	8.00847949e-04
3.21118802e-01	3.76237668e-02	7.98317953e-04
3.21579844e-01	3.85952182e-02	7.99369533e-04
3.22040915e-01	3.87988202e-02	7.98937283e-04
3.22501957e-01	3.82088833e-02	7.97077722e-04
3.22962999e-01	3.80173065e-02	7.95931031e-04
3.23424071e-01	3.81582342e-02	7.95501866e-04
3.23885113e-01	3.79516184e-02	7.94221240e-04
3.24346185e-01	3.75726819e-02	7.93110288e-04
3.24807227e-01	3.79254147e-02	7.93052895e-04
3.25268269e-01	3.74153517e-02	7.91185652e-04
3.25729340e-01	3.76436636e-02	7.90873717e-04
3.26190382e-01	3.68532725e-02	7.88533478e-04
3.26651454e-01	3.66135649e-02	7.87620025e-04
3.27112496e-01	3.68177630e-02	7.87453260e-04
3.27573568e-01	3.68966982e-02	7.87056575e-04
3.28034610e-01	3.73616107e-02	7.86989345e-04
3.28495651e-01	3.65021005e-02	7.84376170e-04
3.28956723e-01	3.79424170e-02	7.86516757e-04
3.29417765e-01	3.73758413e-02	7.84648582e-04
3.29878837e-01	3.67931090e-02	7.83161842e-04
3.30339879e-01	3.68237831e-02	7.82441755e-04
3.30800921e-01	3.61649394e-02	7.80788367e-04
3.31261992e-01	3.60065736e-02	7.80133239e-04
3.31723034e-01	3.64025421e-02	7.80044997e-04
3.32184106e-01	3.64906080e-02	7.79053720e-04
3.32645148e-01	3.65027450e-02	7.78667280e-04
3.33106220e-01	3.62702347e-02	7.77803187e-04
3.33567262e-01	3.61970812e-02	7.77096488e-04
3.34028304e-01	3.60366702e-02	7.76402827e-04
3.34489375e-01	3.55962478e-02	7.75096181e-04
3.34950417e-01	3.51316556e-02	7.73663109e-04
3.35411489e-01	3.54990028e-02	7.73600768e-04
3.35872531e-01	3.60246859e-02	7.73936918e-04
3.36333603e-01	3.56386676e-02	7.72602099e-04
3.36794645e-01	3.55056711e-02	7.71677995e-04
3.37255687e-01	3.53114866e-02	7.70510582e-04
3.37716758e-01	3.57382819e-02	7.70860701e-04
3.38177800e-01	3.54736522e-02	7.69841310e-04
3.38638872e-01	3.52075100e-02	7.68759346e-04
3.39099914e-01	3.53783034e-02	7.68723490e-04
3.39560956e-01	3.46481018e-02	7.66891462e-04
3.40022027e-01	3.50854658e-02	7.67246704e-04
3.40483069e-01	3.49369943e-02	7.66099140e-04
3.40944141e-01	3.54076363e-02	7.66708399e-04
3.41405183e-01	3.44378687e-02	7.64761295e-04
3.41866255e-01	3.44030857e-02	7.63677584e-04
3.42327297e-01	3.55213508e-02	7.65050470e-04
3.42788339e-01	3.48907411e-02	7.63057731e-04
3.43249410e-01	3.49790119e-02	7.62725598e-04
3.43710452e-01	3.49297039e-02	7.62277108e-04
3.44171524e-01	3.43286879e-02	7.60500960e-04
3.44632566e-01	3.36203761e-02	7.58928247e-04
3.45093608e-01	3.43121849e-02	7.59573537e-04
3.45554680e-01	3.46389897e-02	7.59596820e-04
3.46015722e-01	3.39052863e-02	7.57793605e-04
3.46476793e-01	3.34810615e-02	7.56313151e-04
3.46937835e-01	3.37427892e-02	7.56443187e-04
3.47398907e-01	3.35502774e-02	7.55638350e-04
3.47859949e-01	3.32929529e-02	7.54494336e-04
3.48320991e-01	3.32704075e-02	7.53952248e-04
3.48782063e-01	3.33529264e-02	7.53429660e-04
3.49243104e-01	3.29247005e-02	7.51990417e-04
3.49704176e-01	3.33651491e-02	7.52487860e-04
3.50165218e-01	3.42963859e-02	7.53601256e-04
3.50626290e-01	3.34192589e-02	7.51107058e-04
3.51087332e-01	3.31189968e-02	7.50212173e-04
3.51548374e-01	3.27292867e-02	7.49172061e-04
3.52009445e-01	3.32520418e-02	7.49392377e-04
3.52470487e-01	3.31091061e-02	7.48269318e-04
3.52931559e-01	3.29877362e-02	7.47505750e-04
3.53392601e-01	3.33058722e-02	7.47700687e-04
3.53853643e-01	3.34331095e-02	7.47056096e-04
3.54314715e-01	3.34687270e-02	7.46238104e-04
3.54775757e-01	3.30688395e-02	7.45218655e-04
3.55236828e-01	3.22968997e-02	7.43431039e-04
3.55697870e-01	3.26040275e-02	7.43237615e-04
3.56158942e-01	3.28504182e-02	7.43103854e-04
3.56619984e-01	3.22246961e-02	7.41199474e-04
3.57081026e-01	3.22452486e-02	7.40634743e-04
3.57542098e-01	3.22431363e-02	7.39749987e-04
3.58003139e-01	3.26546468e-02	7.39920361e-04
3.58464211e-01	3.23355608e-02	7.38846720e-04
3.58925253e-01	3.19737755e-02	7.37411552e-04
3.59386295e-01	3.19616571e-02	7.36969232e-04
3.59847367e-01	3.15262303e-02	7.35585927e-04
3.60308409e-01	3.14506330e-02	7.34810077e-04
3.60769480e-01	3.20030339e-02	7.34947098e-04
3.61230522e-01	3.22245061e-02	7.34514964e-04
3.61691594e-01	3.13876793e-02	7.32760469e-04
3.62152636e-01	3.19433473e-02	7.33233930e-04
3.62613678e-01	3.18878107e-02	7.32310873e-04
3.63074750e-01	3.17509621e-02	7.31717970e-04
3.63535792e-01	3.15207876e-02	7.30570988e-04
3.63996863e-01	3.15471701e-02	7.30186526e-04
3.64457905e-01	3.12263500e-02	7.29246065e-04
3.64918977e-01	3.11729442e-02	7.28561368e-04
3.65380019e-01	3.12820487e-02	7.28074810e-04
3.65841061e-01	3.11996434e-02	7.27478880e-04
3.66302133e-01	3.12214810e-02	7.26870727e-04
3.66763175e-01	3.10557056e-02	7.26011931e-04
3.67224246e-01	3.07687744e-02	7.25136604e-04
3.67685288e-01	3.07125952e-02	7.24435959e-04
3.68146330e-01	3.07755377e-02	7.23961741e-04
3.68607402e-01	3.04869413e-02	7.22857658e-04
3.69068444e-01	3.06383278e-02	7.22249912e-04
3.69529516e-01	3.12485788e-02	7.22758472e-04
3.69990557e-01	3.03661469e-02	7.20743963e-04
3.70451629e-01	3.06546185e-02	7.20842800e-04
3.70912671e-01	3.06869764e-02	7.20178708e-04
3.71373713e-01	3.05709187e-02	7.19252159e-04
3.71834785e-01	3.04118618e-02	7.18778290e-04
3.72295827e-01	3.02345548e-02	7.17832881e-04
3.72756898e-01	3.05337384e-02	7.17689691e-04
3.73217940e-01	3.00270896e-02	7.16563198e-04
3.73678982e-01	3.00058108e-02	7.15750270e-04
3.74140054e-01	3.04931998e-02	7.15861970e-04
3.74601096e-01	3.02897375e-02	7.15186237e-04
3.75062168e-01	3.00099552e-02	7.14084948e-04
3.75523210e-01	2.98250671e-02	7.13447400e-04
3.75984281e-01	2.97200698e-02	7.12287729e-04
3.76445323e-01	2.98348460e-02	7.11981847e-04
3.76906365e-01	2.96770614e-02	7.11027184e-04
3.77367437e-01	3.01820692e-02	7.11453729e-04
3.77828479e-01	3.00890356e-02	7.10975903e-04
3.78289551e-01	2.95715611e-02	7.09265878e-04
3.78750592e-01	2.99025085e-02	7.09478802e-04
3.79211664e-01	2.97058746e-02	7.08372449e-04
3.79672706e-01	2.98034996e-02	7.08223612e-04
3.80133748e-01	2.94631254e-02	7.07274769e-04
3.80594820e-01	3.00266836e-02	7.07679428e-04
3.81055862e-01	2.97969375e-02	7.06649793e-04
3.81516933e-01	2.97736079e-02	7.06272491e-04
3.81977975e-01	3.01284846e-02	7.06303399e-04
3.82439017e-01	3.01797483e-02	7.05816492e-04
3.82900089e-01	2.99292412e-02	7.05340528e-04
3.83361131e-01	2.94802319e-02	7.04061182e-04
3.83822203e-01	2.94668209e-02	7.03534926e-04
3.84283245e-01	2.97576617e-02	7.03447498e-04
3.84744316e-01	2.96358373e-02	7.02757330e-04
3.85205358e-01	2.96336506e-02	7.02338468e-04
3.85666400e-01	2.95950621e-02	7.01836485e-04
3.86127472e-01	2.98098624e-02	7.01696030e-04
3.86588514e-01	2.99887136e-02	7.01394223e-04
3.87049586e-01	3.03455871e-02	7.01774843e-04
3.87510628e-01	3.00190840e-02	7.00462784e-04
3.87971669e-01	3.06563061e-02	7.01073848e-04
3.88432741e-01	3.05645261e-02	7.00492412e-04
3.88893783e-01	3.06669641e-02	7.00154167e-04
3.89354855e-01	3.13497670e-02	7.00726989e-04
3.89815897e-01	3.16656642e-02	7.00602948e-04
3.90276968e-01	3.17189731e-02	7.00294215e-04
3.90738010e-01	3.24218012e-02	7.00814067e-04
3.91199052e-01	3.37162875e-02	7.02092424e-04
3.91660124e-01	3.48623805e-02	7.03493482e-04
3.92121166e-01	3.51074822e-02	7.03128229e-04
3.92582238e-01	3.59140299e-02	7.04296224e-04
3.93043280e-01	3.44672091e-02	7.01653480e-04
3.93504351e-01	3.35092209e-02	7.00016448e-04
3.93965393e-01	3.22006308e-02	6.97414507e-04
3.94426435e-01	3.21115851e-02	6.97090582e-04
3.94887507e-01	3.12254950e-02	6.95610710e-04
3.95348549e-01	2.98231468e-02	6.93001784e-04
3.95809621e-01	2.90268194e-02	6.91502821e-04
3.96270663e-01	2.89976820e-02	6.91153633e-04
3.96731704e-01	2.91736424e-02	6.91205671e-04
3.97192776e-01	2.88221892e-02	6.90418179e-04
3.97653818e-01	2.84902137e-02	6.89508743e-04
3.98114890e-01	2.80424282e-02	6.88581553e-04
3.98575932e-01	2.80510876e-02	6.88004424e-04
3.99037004e-01	2.86937431e-02	6.88603730e-04
3.99498045e-01	2.82160044e-02	6.87270076e-04
3.99959087e-01	2.81164441e-02	6.86770712e-04
4.00420159e-01	2.75439527e-02	6.85793755e-04
4.00881201e-01	2.74372157e-02	6.85329607e-04
4.01342273e-01	2.76982393e-02	6.85057428e-04
4.01803315e-01	2.74282638e-02	6.84459985e-04
4.02264357e-01	2.71121636e-02	6.83579943e-04
4.02725428e-01	2.72131171e-02	6.83288963e-04
4.03186470e-01	2.73782890e-02	6.83447754e-04
4.03647542e-01	2.71740127e-02	6.82815036e-04
4.04108584e-01	2.73978431e-02	6.82783313e-04
4.04569656e-01	2.69356910e-02	6.81598671e-04
4.05030698e-01	2.72665117e-02	6.81828300e-04
4.05491740e-01	2.72083599e-02	6.81134290e-04
4.05952811e-01	2.73114908e-02	6.80933706e-04
4.06413853e-01	2.70121153e-02	6.80009776e-04
4.06874925e-01	2.64328290e-02	6.78683515e-04
4.07335967e-01	2.66781058e-02	6.79030956e-04
4.07797039e-01	2.67503429e-02	6.78636075e-04
4.08258080e-01	2.70451661e-02	6.78720069e-04
4.08719122e-01	2.67264005e-02	6.77903066e-04
4.09180194e-01	2.68565249e-02	6.77635137e-04
4.09641236e-01	2.71354411e-02	6.77928852e-04
4.10102308e-01	2.67879963e-02	6.76763651e-04
4.10563350e-01	2.67759915e-02	6.76393625e-04
4.11024392e-01	2.70402934e-02	6.76223834e-04
4.11485463e-01	2.69197971e-02	6.75453979e-04
4.11946505e-01	2.69216876e-02	6.75103511e-04
4.12407577e-01	2.67863199e-02	6.74664218e-04
4.12868619e-01	2.63782367e-02	6.73576607e-04
4.13329691e-01	2.63884719e-02	6.73057570e-04
4.13790733e-01	2.63785776e-02	6.72307389e-04
4.14251775e-01	2.67494526e-02	6.72372407e-04
4.14712846e-01	2.64529884e-02	6.71615475e-04
4.15173888e-01	2.64727827e-02	6.70983980e-04
4.15634960e-01	2.63429452e-02	6.70299516e-04
4.16096002e-01	2.66722087e-02	6.70510053e-04
4.16557044e-01	2.65121441e-02	6.69876114e-04
4.17018116e-01	2.61196271e-02	6.68937399e-04
4.17479157e-01	2.60755252e-02	6.68574474e-04
4.17940229e-01	2.61041075e-02	6.67987857e-04
4.18401271e-01	2.64517758e-02	6.67961489e-04
4.18862343e-01	2.61907931e-02	6.67048502e-04
4.19323385e-01	2.58384030e-02	6.65926083e-04
4.19784427e-01	2.61220485e-02	6.66100124e-04
4.20245498e-01	2.58977097e-02	6.65200758e-04
4.20706540e-01	2.61214301e-02	6.65173575e-04
4.21167612e-01	2.59009283e-02	6.64426771e-04
4.21628654e-01	2.60408446e-02	6.64269726e-04
4.22089696e-01	2.58124992e-02	6.63199986e-04
4.22550768e-01	2.60123014e-02	6.63043815e-04
4.23011810e-01	2.61608008e-02	6.62723440e-04
4.23472881e-01	2.63596978e-02	6.62490202e-04
4.23933923e-01	2.56135482e-02	6.61001948e-04
4.24394995e-01	2.54904032e-02	6.60629128e-04
4.24856037e-01	2.58473754e-02	6.60697871e-04
4.25317079e-01	2.58738175e-02	6.60538673e-04
4.25778151e-01	2.55453885e-02	6.59400539e-04
4.26239192e-01	2.53159255e-02	6.58693665e-04
4.26700264e-01	2.57736277e-02	6.59169455e-04
4.27161306e-01	2.56768223e-02	6.58743549e-04
4.27622378e-01	2.56588776e-02	6.59930229e-04
4.28083420e-01	2.61512753e-02	6.62764593e-04
4.28544462e-01	2.59273555e-02	6.63445215e-04
4.29005533e-01	2.58103684e-02	6.63750689e-04
4.29466575e-01	2.56534610e-02	6.63712271e-04
4.29927647e-01	2.58687045e-02	6.64498773e-04
4.30388689e-01	2.58041937e-02	6.64767693e-04
4.30849731e-01	2.56679934e-02	6.64930791e-04
4.31310803e-01	2.60725226e-02	6.66139473e-04
4.31771845e-01	2.55029630e-02	6.65489759e-04
4.32232916e-01	2.54055411e-02	6.66119682e-04
4.32693958e-01	2.54850332e-02	6.66650361e-04
4.33155030e-01	2.59259120e-02	6.67431392e-04
4.33616072e-01	2.56194752e-02	6.67322834e-04
4.34077114e-01	2.56725997e-02	6.67910499e-04
4.34538186e-01	2.55007297e-02	6.67574757e-04
4.34999228e-01	2.56911982e-02	6.68214343e-04
4.35460299e-01	2.53558252e-02	6.68026507e-04
4.35921341e-01	2.52731647e-02	6.68071152e-04
4.36382383e-01	2.54146978e-02	6.68491353e-04
4.36843455e-01	2.56794635e-02	6.69127970e-04
4.37304497e-01	2.59499308e-02	6.69794797e-04
4.37765568e-01	2.57533360e-02	6.69545436e-04
4.38226610e-01	2.56096963e-02	6.69618661e-04
4.38687682e-01	2.57133972e-02	6.69852889e-04
4.39148724e-01	2.56827194e-02	6.70098234e-04
4.39609766e-01	2.53673345e-02	6.69717672e-04
4.40070838e-01	2.51443330e-02	6.69521862e-04
4.40531880e-01	2.54985783e-02	6.70193753e-04
4.40992951e-01	2.54080966e-02	6.69832749e-04
4.41453993e-01	2.50660721e-02	6.69688103e-04
4.41915065e-01	2.48264819e-02	6.69516623e-04
4.42376107e-01	2.46961284e-02	6.69179950e-04
4.42837149e-01	2.52958182e-02	6.70509413e-04
4.43298221e-01	2.49525923e-02	6.69864297e-04
4.43759263e-01	2.49215644e-02	6.70083391e-04
4.44220334e-01	2.50419769e-02	6.70622394e-04
4.44681376e-01	2.50077546e-02	6.70338632e-04
4.45142418e-01	2.53367629e-02	6.70824840e-04
4.45603490e-01	2.53986027e-02	6.70759939e-04
4.46064532e-01	2.53883172e-02	6.70937414e-04
4.46525604e-01	2.49065328e-02	6.70389214e-04
4.46986645e-01	2.50824839e-02	6.70930895e-04
4.47447717e-01	2.54230946e-02	6.71214308e-04
4.47908759e-01	2.55414303e-02	6.71412039e-04
4.48369801e-01	2.52633113e-02	6.71117159e-04
4.48830873e-01	2.51997914e-02	6.71071757e-04
4.49291915e-01	2.48135794e-02	6.70435722e-04
4.49752986e-01	2.54802573e-02	6.71741378e-04
4.50214028e-01	2.53717471e-02	6.71525602e-04
4.50675070e-01	2.51081083e-02	6.71006215e-04
4.51136142e-01	2.49653179e-02	6.71185611e-04
4.51597184e-01	2.52447203e-02	6.71536021e-04
4.52058256e-01	2.50470862e-02	6.71011861e-04
4.52519298e-01	2.47296467e-02	6.70477108e-04
4.52980369e-01	2.46807337e-02	6.70608424e-04
4.53441411e-01	2.49423906e-02	6.71152084e-04
4.53902453e-01	2.48646755e-02	6.70897774e-04
4.54363525e-01	2.51210183e-02	6.71512389e-04
4.54824567e-01	2.49649007e-02	6.71344169e-04
4.55285639e-01	2.46102083e-02	6.70623791e-04
4.55746680e-01	2.56219283e-02	6.72511931e-04
4.56207752e-01	2.48908084e-02	6.71142188e-04
4.56668794e-01	2.47029420e-02	6.71288522e-04
4.57129836e-01	2.49465629e-02	6.71488058e-04
4.57590908e-01	2.48037074e-02	6.71024842e-04
4.58051950e-01	2.50168275e-02	6.71555637e-04
4.58513021e-01	2.50102524e-02	6.71518210e-04
4.58974063e-01	2.48828586e-02	6.71538815e-04
4.59435105e-01	2.48103738e-02	6.71430840e-04
4.59896177e-01	2.47545596e-02	6.71231537e-04
4.60357219e-01	2.48880927e-02	6.71532121e-04
4.60818291e-01	2.46304870e-02	6.71093236e-04
4.61279333e-01	2.48371493e-02	6.71617803e-04
4.61740404e-01	2.49987021e-02	6.71774324e-04
4.62201446e-01	2.50848178e-02	6.71927759e-04
4.62662488e-01	2.49986891e-02	6.73435803e-04
4.63123560e-01	2.49467958e-02	6.77555625e-04
4.63584602e-01	2.48420965e-02	6.80028112e-04
4.64045674e-01	2.49672811e-02	6.82160724e-04
4.64506716e-01	2.51422953e-02	6.84209517e-04
4.64967757e-01	2.48010550e-02	6.84963365e-04
4.65428829e-01	2.45663989e-02	6.85850566e-04
4.65889871e-01	2.48856153e-02	6.86944812e-04
4.66350943e-01	2.51466315e-02	6.88053085e-04
4.66811985e-01	2.48955879e-02	6.88610075e-04
4.67273057e-01	2.47302074e-02	6.89549779e-04
4.67734098e-01	2.51931790e-02	6.91417605e-04
4.68195140e-01	2.45756265e-02	6.91173074e-04
4.68656212e-01	2.41834838e-02	6.91484078e-04
4.69117254e-01	2.46001873e-02	6.93097361e-04
4.69578326e-01	2.49197427e-02	6.94229209e-04
4.70039368e-01	2.49026045e-02	6.94870541e-04
4.70500439e-01	2.48354580e-02	6.95766765e-04
4.70961481e-01	2.46488471e-02	6.96118455e-04
4.71422523e-01	2.47397646e-02	6.96888776e-04
4.71883595e-01	2.47662049e-02	6.97471725e-04
4.72344637e-01	2.47885864e-02	6.98146352e-04
4.72805709e-01	2.49381568e-02	6.99240831e-04
4.73266751e-01	2.46346314e-02	6.99246419e-04
4.73727793e-01	2.44121328e-02	6.99580472e-04
4.74188864e-01	2.43124496e-02	6.99743745e-04
4.74649906e-01	2.46893372e-02	7.00803299e-04
4.75110978e-01	2.47047395e-02	7.01264013e-04
4.75572020e-01	2.47820113e-02	7.01531710e-04
4.76033092e-01	2.50232015e-02	7.02283753e-04
4.76494133e-01	2.52020210e-02	7.02803372e-04
4.76955175e-01	2.54368633e-02	7.03264785e-04
4.77416247e-01	2.53576841e-02	7.03597267e-04
4.77877289e-01	2.47951951e-02	7.02828169e-04
4.78338361e-01	2.51571983e-02	7.03669095e-04
4.78799403e-01	2.54716501e-02	7.04306993e-04
4.79260445e-01	2.44143140e-02	7.02673744e-04
4.79721516e-01	2.43019704e-02	7.03084224e-04
4.80182558e-01	2.47619022e-02	7.03678001e-04
4.80643630e-01	2.51089949e-02	7.04638311e-04
4.81104672e-01	2.47389358e-02	7.03912054e-04
4.81565744e-01	2.48123109e-02	7.04474689e-04
4.82026786e-01	2.47497689e-02	7.04668928e-04
4.82487828e-01	2.44078655e-02	7.03912636e-04
4.82948899e-01	2.49039382e-02	7.05433020e-04
4.83409941e-01	2.47554947e-02	7.05336977e-04
4.83871013e-01	2.47569326e-02	7.05479004e-04
4.84332055e-01	2.50473544e-02	7.06389023e-04
4.84793127e-01	2.46291533e-02	7.06013001e-04
4.85254169e-01	2.44758409e-02	7.06529303e-04
4.85715210e-01	2.46753395e-02	7.06844090e-04
4.86176282e-01	2.47775987e-02	7.07296596e-04
4.86637324e-01	2.45088506e-02	7.07040599e-04
4.87098396e-01	2.45368537e-02	7.07432162e-04
4.87559438e-01	2.46044323e-02	7.07857311e-04
4.88020480e-01	2.47662198e-02	7.08277454e-04
4.88481551e-01	2.44648159e-02	7.08181062e-04
4.88942593e-01	2.41076667e-02	7.07949686e-04
4.89403665e-01	2.43256260e-02	7.08712789e-04
4.89864707e-01	2.44005341e-02	7.08887470e-04
4.90325779e-01	2.44662818e-02	7.09314249e-04
4.90786821e-01	2.44866759e-02	7.09974032e-04
4.91247863e-01	2.44021136e-02	7.09980144e-04
4.91708934e-01	2.47057285e-02	7.10654887e-04
4.92169976e-01	2.44995151e-02	7.10521359e-04
4.92631048e-01	2.43974626e-02	7.11016415e-04
4.93092090e-01	2.40466539e-02	7.10804132e-04
4.93553132e-01	2.38317847e-02	7.10591674e-04
4.94014204e-01	2.38170102e-02	7.11089117e-04
4.94475245e-01	2.38725152e-02	7.11416476e-04
4.94936317e-01	2.40583718e-02	7.11773057e-04
4.95397359e-01	2.44193226e-02	7.12698034e-04
4.95858431e-01	2.39673164e-02	7.12133653e-04
4.96319473e-01	2.41859034e-02	7.13059213e-04
4.96780515e-01	2.41495352e-02	7.13041925e-04
4.97241586e-01	2.43198704e-02	7.13596295e-04
4.97702628e-01	2.44731698e-02	7.14506838e-04
4.98163700e-01	2.39786711e-02	7.14023074e-04
4.98624742e-01	2.35880688e-02	7.13589427e-04
4.99085814e-01	2.34247651e-02	7.13557878e-04
4.99546856e-01	2.38712523e-02	7.14627386e-04
5.00007927e-01	2.39443686e-02	7.14989204e-04
5.00468969e-01	2.40926016e-02	7.15542934e-04
5.00930011e-01	2.34775003e-02	7.14588095e-04
5.01391053e-01	2.37866733e-02	7.15794391e-04
5.01852155e-01	2.37320587e-02	7.15876871e-04
5.02313197e-01	2.35566273e-02	7.15765636e-04
5.02774239e-01	2.30289456e-02	7.15239148e-04
5.03235281e-01	2.38128621e-02	7.17059884e-04
5.03696322e-01	2.32511852e-02	7.16192706e-04
5.04157424e-01	2.35217288e-02	7.16766634e-04
5.04618466e-01	2.33659744e-02	7.16475130e-04
5.05079508e-01	2.34773215e-02	7.17065705e-04
5.05540550e-01	2.38323417e-02	7.18528288e-04
5.06001592e-01	2.28869710e-02	7.17209536e-04
5.06462693e-01	2.27957312e-02	7.17257673e-04
5.06923735e-01	2.29196399e-02	7.17462914e-04
5.07384777e-01	2.33046468e-02	7.18459603e-04
5.07845819e-01	2.31919140e-02	7.18794297e-04
5.08306861e-01	2.36419719e-02	7.19714735e-04
5.08767962e-01	2.31915116e-02	7.18971831e-04
5.09229004e-01	2.30691265e-02	7.19182950e-04
5.09690046e-01	2.32255999e-02	7.19919917e-04
5.10151088e-01	2.33380292e-02	7.20633543e-04
5.10612190e-01	2.32701693e-02	7.20769982e-04
5.11073232e-01	2.25771759e-02	7.19766133e-04
5.11534274e-01	2.29515601e-02	7.20912067e-04
5.11995316e-01	2.31183618e-02	7.21168239e-04
5.12456357e-01	2.30929032e-02	7.21329008e-04
5.12917459e-01	2.26813313e-02	7.20978889e-04
5.13378501e-01	2.28439812e-02	7.21995195e-04
5.13839543e-01	2.23388225e-02	7.21343269e-04
5.14300585e-01	2.23783571e-02	7.21733435e-04
5.14761627e-01	2.27171406e-02	7.22250144e-04
5.15222728e-01	2.24925037e-02	7.21947697e-04
5.15683770e-01	2.26906464e-02	7.22415571e-04
5.16144812e-01	2.23442595e-02	7.22107303e-04
5.16605854e-01	2.22619157e-02	7.21966964e-04
5.17066896e-01	2.25194097e-02	7.22506666e-04
5.17527997e-01	2.22563799e-02	7.22146942e-04
5.17989039e-01	2.25544795e-02	7.22828205e-04
5.18450081e-01	2.24517677e-02	7.22649042e-04
5.18911123e-01	2.23478656e-02	7.22732279e-04
5.19372165e-01	2.25163568e-02	7.22929020e-04
5.19833267e-01	2.17792038e-02	7.21849559e-04
5.20294309e-01	2.19369084e-02	7.22231343e-04
5.20755351e-01	2.20524911e-02	7.22512719e-04
5.21216393e-01	2.20107734e-02	7.22613768e-04
5.21677494e-01	2.20739394e-02	7.22534372e-04
5.22138536e-01	2.19886024e-02	7.22319935e-04
5.22599578e-01	2.23989729e-02	7.23166100e-04
5.23060620e-01	2.18997989e-02	7.22505676e-04
5.23521662e-01	2.18222812e-02	7.22598110e-04
5.23982763e-01	2.18909532e-02	7.23038043e-04
5.24443805e-01	2.17428859e-02	7.22713710e-04
5.24904847e-01	2.21318249e-02	7.23441248e-04
5.25365889e-01	2.19578762e-02	7.23551493e-04
5.25826931e-01	2.13958155e-02	7.23084551e-04
5.26288033e-01	2.15924066e-02	7.23863370e-04
5.26749074e-01	2.14368124e-02	7.23453530e-04
5.27210116e-01	2.16628965e-02	7.24183687e-04
5.27671158e-01	2.18224321e-02	7.24698592e-04
5.28132200e-01	2.16620024e-02	7.24631071e-04
5.28593302e-01	2.16911267e-02	7.24995392e-04
5.29054344e-01	2.15620417e-02	7.24903774e-04
5.29515386e-01	2.16328707e-02	7.25256221e-04
5.29976428e-01	2.17429902e-02	7.25756341e-04
5.30437529e-01	2.08079647e-02	7.24187528e-04
5.30898571e-01	2.13021245e-02	7.25413731e-04
5.31359613e-01	2.13507507e-02	7.25619786e-04
5.31820655e-01	2.10403074e-02	7.25384627e-04
5.32281697e-01	2.12166160e-02	7.26065598e-04
5.32742798e-01	2.11292356e-02	7.25994934e-04
5.33203840e-01	2.14183796e-02	7.26800878e-04
5.33664882e-01	2.11151298e-02	7.30184198e-04
5.34125924e-01	2.13780254e-02	7.35124981e-04
5.34586966e-01	2.10989788e-02	7.36589427e-04
5.35048068e-01	2.13014502e-02	7.38254923e-04
5.35509109e-01	2.08429862e-02	7.38575764e-04
5.35970151e-01	2.12880615e-02	7.41006515e-04
5.36431193e-01	2.16761306e-02	7.43630226e-04
5.36892235e-01	2.15113536e-02	7.44560675e-04
5.37353337e-01	2.14256439e-02	7.46235135e-04
5.37814379e-01	2.05949005e-02	7.46404636e-04
5.38275421e-01	2.10494995e-02	7.48741964e-04
5.38736463e-01	2.10693162e-02	7.50134815e-04
5.39197505e-01	2.11621914e-02	7.51528365e-04
5.39658606e-01	2.14073118e-02	7.53098575e-04
5.40119648e-01	2.10520849e-02	7.53622619e-04
5.40580690e-01	2.08887514e-02	7.54272449e-04
5.41041732e-01	2.12414581e-02	7.56478461e-04
5.41502833e-01	2.14077383e-02	7.57922884e-04
5.41963875e-01	2.13926826e-02	7.63953198e-04
5.42424917e-01	2.09219772e-02	7.70269078e-04
5.42885959e-01	2.05722116e-02	7.74575106e-04
5.43347001e-01	2.08834410e-02	7.79647788e-04
5.43808103e-01	2.10219864e-02	7.83275871e-04
5.44269145e-01	2.08137278e-02	7.85981130e-04
5.44730186e-01	2.04413198e-02	7.87914905e-04
5.45191228e-01	2.10722368e-02	7.91986589e-04
5.45652270e-01	2.12810114e-02	7.95364089e-04
5.46113372e-01	2.07656901e-02	7.97739252e-04
5.46574414e-01	2.00340990e-02	7.99427740e-04
5.47035456e-01	2.04665009e-02	8.03134812e-04
5.47496498e-01	2.03580800e-02	8.05507589e-04
5.47957540e-01	2.04071533e-02	8.08307261e-04
5.48418641e-01	2.04798002e-02	8.11238599e-04
5.48879683e-01	2.01941561e-02	8.13773077e-04
5.49340725e-01	2.00966652e-02	8.15952197e-04
5.49801767e-01	2.04581693e-02	8.18964851e-04
5.50262868e-01	1.98705029e-02	8.20432731e-04
5.50723910e-01	2.01942790e-02	8.23926704e-04
5.51184952e-01	2.00430509e-02	8.25933821e-04
5.51645994e-01	2.03050766e-02	8.28759570e-04
5.52107036e-01	2.05238741e-02	8.31854879e-04
5.52568138e-01	1.98410880e-02	8.33090977e-04
5.53029180e-01	1.97517034e-02	8.35309213e-04
5.53490222e-01	2.01672092e-02	8.38704989e-04
5.53951263e-01	2.03393046e-02	8.41123925e-04
5.54412305e-01	1.99021511e-02	8.42572132e-04
5.54873407e-01	2.02514939e-02	8.45807255e-04
5.55334449e-01	1.97899844e-02	8.47101677e-04
5.55795491e-01	1.99450999e-02	8.49939883e-04
5.56256533e-01	1.95070952e-02	8.51279066e-04
5.56717575e-01	1.96817573e-02	8.54226178e-04
5.57178676e-01	2.00630967e-02	8.57221079e-04
5.57639718e-01	2.00607516e-02	8.59872322e-04
5.58100760e-01	1.94540080e-02	8.60908651e-04
5.58561802e-01	1.95818320e-02	8.63384339e-04
5.59022903e-01	1.97780225e-02	8.66334303e-04
5.59483945e-01	1.94125045e-02	8.67937575e-04
5.59944987e-01	1.95401348e-02	8.70469492e-04
5.60406029e-01	1.96263716e-02	8.72834527e-04
5.60867071e-01	1.96645930e-02	8.75575119e-04
5.61328173e-01	1.93453822e-02	8.77082639e-04
5.61789215e-01	1.92633290e-02	8.79066065e-04
5.62250257e-01	1.94089785e-02	8.81956774e-04
5.62711298e-01	1.91252008e-02	8.83524714e-04
5.63172340e-01	1.96270104e-02	8.86775379e-04
5.63633442e-01	1.90372095e-02	8.88229348e-04
5.64094484e-01	1.89419296e-02	8.90504743e-04
5.64555526e-01	1.91153958e-02	8.92870943e-04
5.65016568e-01	1.94149595e-02	8.96466139e-04
5.65477610e-01	1.93789843e-02	8.98642873e-04
5.65938711e-01	1.93661135e-02	9.00843763e-04
5.66399753e-01	1.91273764e-02	9.02589411e-04
5.66860795e-01	1.94779597e-02	9.05660563e-04
5.67321837e-01	1.91534925e-02	9.06965521e-04
5.67782879e-01	1.93608385e-02	9.09787312e-04
5.68243980e-01	1.93555430e-02	9.12144606e-04
5.68705022e-01	1.88988317e-02	9.13831056e-04
5.69166064e-01	1.88684482e-02	9.15895973e-04
5.69627106e-01	1.91879626e-02	9.19206999e-04
5.70088208e-01	1.87081266e-02	9.20900318e-04
5.70549250e-01	1.85192116e-02	9.22463194e-04
5.71010292e-01	1.89024806e-02	9.25930333e-04
5.71471334e-01	1.88362282e-02	9.28171736e-04
5.71932375e-01	1.91846918e-02	9.31597839e-04
5.72393477e-01	1.88998822e-02	9.32560186e-04
5.72854519e-01	1.88650638e-02	9.34658048e-04
5.73315561e-01	1.83360595e-02	9.34994488e-04
5.73776603e-01	1.96353029e-02	9.39912337e-04
5.74237645e-01	1.90459397e-02	9.40539874e-04
5.74698746e-01	1.91059131e-02	9.42687970e-04
5.75159788e-01	1.87597517e-02	9.43723076e-04
5.75620830e-01	1.85327698e-02	9.45378852e-04
5.76081872e-01	1.87600404e-02	9.47333232e-04
5.76542914e-01	1.88230220e-02	9.49495938e-04
5.77004015e-01	1.90651659e-02	9.52242815e-04
5.77465057e-01	1.85759217e-02	9.53256153e-04
5.77926099e-01	1.83753427e-02	9.54860297e-04
5.78387141e-01	1.87390354e-02	9.57349141e-04
5.78848243e-01	1.88315064e-02	9.59799159e-04
5.79309285e-01	1.86674632e-02	9.61425656e-04
5.79770327e-01	1.88422557e-02	9.64418985e-04
5.80231369e-01	1.83397476e-02	9.66103689e-04
5.80692410e-01	1.79416556e-02	9.67414118e-04
5.81153512e-01	1.82091165e-02	9.70730151e-04
5.81614554e-01	1.83544699e-02	9.73370392e-04
5.82075596e-01	1.76468026e-02	9.74334893e-04
5.82536638e-01	1.77919995e-02	9.77315474e-04
5.82997680e-01	1.79163609e-02	9.80209443e-04
5.83458781e-01	1.85637604e-02	9.84328683e-04
5.83919823e-01	1.87007096e-02	9.86609142e-04
5.84380865e-01	1.86866727e-02	9.89453751e-04
5.84841907e-01	1.85386576e-02	9.91805340e-04
5.85302949e-01	1.87672731e-02	9.94850881e-04
5.85764050e-01	1.82089433e-02	9.96153336e-04
5.86225092e-01	1.79237574e-02	9.97905270e-04
5.86686134e-01	1.86732206e-02	1.00287131e-03
5.87147176e-01	1.82430502e-02	1.00384583e-03
5.87608278e-01	1.81612242e-02	1.00623583e-03
5.88069320e-01	1.80610437e-02	1.00901246e-03
5.88530362e-01	1.78215001e-02	1.01099059e-03
5.88991404e-01	1.81165952e-02	1.01465965e-03
5.89452446e-01	1.83576141e-02	1.01806619e-03
5.89913547e-01	1.81345809e-02	1.01999636e-03
5.90374589e-01	1.79118458e-02	1.02203572e-03
5.90835631e-01	1.80957448e-02	1.02500909e-03
5.91296673e-01	1.75879858e-02	1.02684821e-03
5.91757715e-01	1.75170116e-02	1.02991378e-03
5.92218816e-01	1.79026593e-02	1.03324431e-03
5.92679858e-01	1.79643426e-02	1.03610905e-03
5.93140900e-01	1.75811052e-02	1.03765319e-03
5.93601942e-01	1.75667889e-02	1.04093482e-03
5.94062984e-01	1.72167309e-02	1.04225508e-03
5.94524086e-01	1.81080494e-02	1.04764267e-03
5.94985127e-01	1.76037699e-02	1.04904466e-03
5.95446169e-01	1.80216059e-02	1.05345098e-03
5.95907211e-01	1.74158495e-02	1.05493353e-03
5.96368253e-01	1.68338157e-02	1.05608837e-03
5.96829355e-01	1.76042113e-02	1.06113718e-03
5.97290397e-01	1.82272159e-02	1.06562220e-03
5.97751439e-01	1.79657545e-02	1.06783339e-03
5.98212481e-01	1.82431359e-02	1.07149407e-03
5.98673582e-01	1.89583767e-02	1.07643835e-03
5.99134624e-01	1.80618428e-02	1.07670017e-03
5.99595666e-01	1.83116626e-02	1.08062814e-03
6.00056708e-01	1.85653754e-02	1.08396437e-03
6.00517750e-01	1.78806260e-02	1.08579092e-03
6.00978851e-01	1.77274328e-02	1.08798093e-03
6.01439893e-01	1.80750247e-02	1.09163683e-03
6.01900935e-01	1.86143573e-02	1.09706563e-03
6.02361977e-01	1.85856707e-02	1.09935959e-03
6.02823019e-01	1.85560845e-02	1.10248453e-03
6.03284121e-01	1.77918058e-02	1.10354240e-03
6.03745162e-01	1.81150660e-02	1.10815652e-03
6.04206204e-01	1.81984883e-02	1.11194013e-03
6.04667246e-01	1.79584008e-02	1.11443852e-03
6.05128288e-01	1.78596955e-02	1.11751573e-03
6.05589390e-01	1.88598130e-02	1.12274406e-03
6.06050432e-01	1.74655858e-02	1.12129736e-03
6.06511474e-01	1.77840628e-02	1.12571288e-03
6.06972516e-01	1.74560994e-02	1.12627342e-03
6.07433617e-01	1.77180897e-02	1.13030302e-03
6.07894659e-01	1.80886704e-02	1.13341969e-03
6.08355701e-01	1.84318256e-02	1.13712961e-03
6.08816743e-01	1.80791263e-02	1.13953592e-03
6.09277785e-01	1.75036937e-02	1.13969960e-03
6.09738886e-01	1.83522925e-02	1.14497612e-03
6.10199928e-01	1.83046199e-02	1.14735577e-03
6.10660970e-01	1.83289517e-02	1.15003914e-03
6.11122012e-01	1.83344539e-02	1.15308457e-03
6.11583054e-01	1.77506320e-02	1.15409435e-03
6.12044156e-01	1.72281619e-02	1.15644757e-03
6.12505198e-01	1.67753343e-02	1.15714886e-03
6.12966239e-01	1.71871055e-02	1.16110232e-03
6.13427281e-01	1.74880270e-02	1.16497825e-03
6.13888323e-01	1.66873876e-02	1.16529444e-03
6.14349425e-01	1.64074134e-02	1.16843043e-03
6.14810467e-01	1.67515371e-02	1.17275142e-03
6.15271509e-01	1.70260202e-02	1.17738417e-03
6.15732551e-01	1.73938908e-02	1.18194241e-03
6.16193652e-01	1.71232019e-02	1.18514895e-03
6.16654694e-01	1.67858098e-02	1.18797889e-03
6.17115736e-01	1.68101303e-02	1.19141676e-03
6.17576778e-01	1.70568991e-02	1.19570387e-03
6.18037820e-01	1.69687551e-02	1.19958003e-03
6.18498921e-01	1.69586297e-02	1.20377436e-03
6.18959963e-01	1.64662134e-02	1.20657962e-03
6.19421005e-01	1.67330429e-02	1.21075066e-03
6.19882047e-01	1.74038690e-02	1.21684349e-03
6.20343089e-01	1.74571034e-02	1.22100499e-03
6.20804191e-01	1.62094757e-02	1.22095773e-03
6.21265233e-01	1.65354963e-02	1.22636382e-03
6.21726274e-01	1.67857017e-02	1.23082683e-03
6.22187316e-01	1.64905172e-02	1.23451266e-03
6.22648358e-01	1.60046741e-02	1.23707228e-03
6.23109460e-01	1.55017450e-02	1.23937835e-03
6.23570502e-01	1.59239098e-02	1.24588259e-03
6.24031544e-01	1.62524655e-02	1.25011057e-03
6.24492586e-01	1.68483704e-02	1.25620444e-03
6.24953628e-01	1.62280556e-02	1.25904661e-03
6.25414729e-01	1.65351965e-02	1.26453477e-03
6.25875771e-01	1.70355123e-02	1.27029594e-03
6.26336813e-01	1.70778483e-02	1.27405836e-03
6.26797855e-01	1.63855962e-02	1.27652951e-03
6.27258956e-01	1.69653241e-02	1.28342095e-03
6.27719998e-01	1.78029854e-02	1.28967385e-03
6.28181040e-01	1.66118760e-02	1.29155046e-03
6.28642082e-01	1.64595284e-02	1.29516039e-03
6.29103124e-01	1.63016561e-02	1.29951176e-03
6.29564226e-01	1.65152233e-02	1.30495685e-03
6.30025268e-01	1.69208813e-02	1.31060719e-03
6.30486310e-01	1.59151834e-02	1.31149404e-03
6.30947351e-01	1.60892084e-02	1.31577789e-03
6.31408393e-01	1.57217756e-02	1.31804030e-03
6.31869495e-01	1.69434845e-02	1.32615457e-03
6.32330537e-01	1.59235783e-02	1.32589019e-03
6.32791579e-01	1.54656069e-02	1.32959115e-03
6.33252621e-01	1.60261113e-02	1.33430434e-03
6.33713663e-01	1.58964377e-02	1.33869669e-03
6.34174764e-01	1.58744548e-02	1.34349999e-03
6.34635806e-01	1.62123386e-02	1.34753471e-03
6.35096848e-01	1.66175328e-02	1.35378074e-03
6.35557890e-01	1.62360165e-02	1.35599286e-03
6.36018991e-01	1.61870550e-02	1.35990779e-03
6.36480033e-01	1.56091740e-02	1.36195600e-03
6.36941075e-01	1.65285785e-02	1.37003500e-03
6.37402117e-01	1.53592089e-02	1.37049274e-03
6.37863159e-01	1.53074889e-02	1.37359952e-03
6.38324261e-01	1.53948488e-02	1.37855555e-03
6.38785303e-01	1.55999474e-02	1.38360949e-03
6.39246345e-01	1.50434636e-02	1.38593151e-03
6.39707386e-01	1.55519554e-02	1.39286381e-03
6.40168428e-01	1.69403777e-02	1.40104070e-03
6.40629530e-01	1.70912445e-02	1.40718149e-03
6.41090572e-01	1.52554410e-02	1.40464003e-03
6.41551614e-01	1.66462343e-02	1.41381135e-03
6.42012656e-01	1.64590478e-02	1.41914398e-03
6.42473698e-01	1.57579593e-02	1.42065214e-03
6.42934799e-01	1.65000297e-02	1.42847153e-03
6.43395841e-01	1.55447526e-02	1.42931414e-03
6.43856883e-01	1.60593837e-02	1.43600232e-03
6.44317925e-01	1.60164703e-02	1.44135428e-03
6.44779027e-01	1.54906465e-02	1.44390797e-03
6.45240068e-01	1.55508285e-02	1.44984375e-03
6.45701110e-01	1.51207959e-02	1.45210244e-03
6.46162152e-01	1.67117063e-02	1.46303873e-03
6.46623194e-01	1.58233810e-02	1.46605016e-03
6.47084296e-01	1.47017138e-02	1.46614411e-03
6.47545338e-01	1.53617188e-02	1.47319015e-03
6.48006380e-01	1.58944428e-02	1.48061756e-03
6.48467422e-01	1.51556740e-02	1.48292177e-03
6.48928463e-01	1.54466927e-02	1.48933951e-03
6.49389565e-01	1.47863738e-02	1.49166200e-03
6.49850607e-01	1.48008568e-02	1.49871781e-03
6.50311649e-01	1.47262095e-02	1.50369550e-03
6.50772691e-01	1.53637854e-02	1.51156611e-03
6.51233733e-01	1.48168700e-02	1.51512562e-03
6.51694834e-01	1.56298205e-02	1.52328925e-03
6.52155876e-01	1.58041902e-02	1.52926974e-03
6.52616918e-01	1.51278628e-02	1.53188698e-03
6.53077960e-01	1.52232982e-02	1.53882790e-03
6.53539002e-01	1.56070953e-02	1.54747535e-03
6.54000103e-01	1.54105313e-02	1.55111100e-03
6.54461145e-01	1.58295128e-02	1.56006007e-03
6.54922187e-01	1.50932232e-02	1.56197359e-03
6.55383229e-01	1.48925474e-02	1.56799448e-03
6.55844331e-01	1.51250139e-02	1.57466170e-03
6.56305373e-01	1.55736357e-02	1.58219051e-03
6.56766415e-01	1.46535188e-02	1.58594886e-03
6.57227457e-01	1.50701059e-02	1.59310119e-03
6.57688498e-01	1.57240294e-02	1.60257262e-03
6.58149600e-01	1.47493258e-02	1.60539651e-03
6.58610642e-01	1.63411777e-02	1.61830278e-03
6.59071684e-01	1.58199240e-02	1.62175868e-03
6.59532726e-01	1.51967173e-02	1.62643078e-03
6.59993768e-01	1.46609023e-02	1.62975502e-03
6.60454869e-01	1.45660723e-02	1.63777650e-03
6.60915911e-01	1.49891982e-02	1.64534524e-03
6.61376953e-01	1.50071308e-02	1.65160291e-03
6.61837995e-01	1.50818611e-02	1.66014698e-03
6.62299037e-01	1.47681832e-02	1.66505005e-03
6.62760139e-01	1.52922170e-02	1.67595618e-03
6.63221180e-01	1.50514590e-02	1.68061059e-03
6.63682222e-01	1.59189645e-02	1.69374701e-03
6.64143264e-01	1.49110407e-02	1.69495214e-03
6.64604366e-01	1.57439988e-02	1.70530251e-03
6.65065408e-01	1.52378306e-02	1.71080476e-03
6.65526450e-01	1.49460947e-02	1.71674194e-03
6.65987492e-01	1.47857768e-02	1.72569731e-03
6.66448534e-01	1.58013776e-02	1.73682196e-03
6.66909635e-01	1.46544864e-02	1.73897285e-03
6.67370677e-01	1.41345887e-02	1.74794625e-03
6.67831719e-01	1.38886953e-02	1.75346830e-03
6.68292761e-01	1.44077642e-02	1.76529388e-03
6.68753803e-01	1.49079217e-02	1.77437230e-03
6.69214904e-01	1.55872218e-02	1.78451254e-03
6.69675946e-01	1.50993578e-02	1.79313624e-03
6.70136988e-01	1.47495158e-02	1.79861614e-03
6.70598030e-01	1.50783127e-02	1.80973299e-03
6.71059072e-01	1.49614317e-02	1.81808963e-03
6.71520174e-01	1.45803392e-02	1.82655430e-03
6.71981215e-01	1.51428571e-02	1.83914346e-03
6.72442257e-01	1.51323201e-02	1.84838858e-03
6.72903299e-01	1.39931133e-02	1.85138907e-03
6.73364401e-01	1.52734406e-02	1.86719769e-03
6.73825443e-01	1.58405695e-02	1.87967147e-03
6.74286485e-01	1.53895458e-02	1.88707642e-03
6.74747527e-01	1.52739128e-02	1.89521408e-03
6.75208569e-01	1.50462361e-02	1.90757157e-03
6.75669670e-01	1.50637142e-02	1.91713113e-03
6.76130712e-01	1.42950565e-02	1.92463573e-03
6.76591754e-01	1.42100947e-02	1.93714560e-03
6.77052796e-01	1.43910991e-02	1.94711995e-03
6.77513838e-01	1.52700571e-02	1.96428597e-03
6.77974939e-01	1.49202980e-02	1.97167438e-03
6.78435981e-01	1.46469064e-02	1.98275456e-03
6.78897023e-01	1.48898987e-02	1.99506874e-03
6.79358065e-01	1.52539462e-02	2.00968771e-03
6.79819107e-01	1.42632611e-02	2.01879698e-03
6.80280209e-01	1.40622063e-02	2.02833628e-03
6.80741251e-01	1.41195161e-02	2.04138202e-03
6.81202292e-01	1.38024725e-02	2.05231993e-03
6.81663334e-01	1.43566960e-02	2.06523063e-03
6.82124376e-01	1.45516442e-02	2.08088313e-03
6.82585478e-01	1.38280103e-02	2.09045527e-03
6.83046520e-01	1.47719309e-02	2.11067707e-03
6.83507562e-01	1.46173844e-02	2.12284480e-03
6.83968604e-01	1.34212896e-02	2.13098084e-03
6.84429705e-01	1.33315613e-02	2.14621099e-03
6.84890747e-01	1.38841262e-02	2.16024299e-03
6.85351789e-01	1.47418827e-02	2.18466762e-03
6.85812831e-01	1.48775978e-02	2.19881209e-03
6.86273873e-01	1.53033957e-02	2.21663644e-03
6.86734974e-01	1.35745527e-02	2.22420529e-03
6.87196016e-01	1.32434638e-02	2.23682099e-03
6.87657058e-01	1.32585764e-02	2.25525512e-03
6.88118100e-01	1.42751904e-02	2.27859919e-03
6.88579142e-01	1.42586371e-02	2.29357788e-03
6.89040244e-01	1.43306488e-02	2.31292727e-03
6.89501286e-01	1.35864327e-02	2.32613273e-03
6.89962327e-01	1.38490349e-02	2.34558131e-03
6.90423369e-01	1.46666048e-02	2.36301753e-03
6.90884411e-01	1.44194691e-02	2.37384113e-03
6.91345513e-01	1.43883517e-02	2.39010924e-03
6.91806555e-01	1.48096224e-02	2.40761903e-03
6.92267597e-01	1.35034891e-02	2.41193734e-03
6.92728639e-01	1.41926492e-02	2.42909743e-03
6.93189740e-01	1.47150373e-02	2.44813971e-03
6.93650782e-01	1.35332234e-02	2.45572021e-03
6.94111824e-01	1.40999602e-02	2.47350824e-03
6.94572866e-01	1.33362981e-02	2.48744548e-03
6.95033908e-01	1.29004344e-02	2.49724765e-03
6.95495009e-01	1.43615073e-02	2.51882221e-03
6.95956051e-01	1.41609199e-02	2.53733480e-03
6.96417093e-01	1.33716008e-02	2.54592835e-03
6.96878135e-01	1.35522401e-02	2.56914482e-03
6.97339177e-01	1.37873972e-02	2.58652610e-03
6.97800279e-01	1.38466572e-02	2.60303565e-03
6.98261321e-01	1.36226537e-02	2.61673308e-03
6.98722363e-01	1.29893348e-02	2.62960023e-03
6.99183404e-01	1.23816729e-02	2.65010004e-03
6.99644446e-01	1.20590227e-02	2.66267336e-03
7.00105548e-01	1.44159766e-02	2.69687176e-03
7.00566590e-01	1.49080195e-02	2.72031710e-03
7.01027632e-01	1.40999230e-02	2.72994349e-03
7.01488674e-01	1.35077499e-02	2.75021070e-03
7.01949775e-01	1.25418939e-02	2.76215910e-03
7.02410817e-01	1.42968819e-02	2.79729115e-03
7.02871859e-01	1.60805825e-02	2.82962690e-03
7.03332901e-01	1.54914586e-02	2.84516928e-03
7.03793943e-01	1.50849121e-02	2.86948751e-03
7.04255044e-01	1.43026076e-02	2.88385898e-03
7.04716086e-01	1.25831738e-02	2.89742765e-03
7.05177128e-01	1.33185275e-02	2.92456336e-03
7.05638170e-01	1.34925619e-02	2.94777611e-03
7.06099212e-01	1.34632587e-02	2.97263218e-03
7.06560314e-01	1.29971774e-02	2.97961920e-03
7.07021356e-01	1.33863660e-02	3.00523522e-03
7.07482398e-01	1.30411582e-02	3.01305414e-03
7.07943439e-01	1.45125166e-02	3.03343264e-03
7.08404481e-01	1.50064006e-02	3.05537763e-03
7.08865583e-01	1.53315468e-02	3.07069835e-03
7.09326625e-01	1.27907470e-02	3.06665711e-03
7.09787667e-01	1.06513053e-02	3.06216977e-03
7.10248709e-01	1.31940171e-02	3.09399306e-03
7.10709751e-01	1.39853070e-02	3.12214321e-03
7.11170852e-01	1.35011198e-02	3.13013094e-03
7.11631894e-01	1.26249092e-02	3.14173987e-03
7.12092936e-01	1.45822009e-02	3.17072356e-03
7.12553978e-01	1.31269097e-02	3.17177316e-03
7.13015079e-01	1.54434666e-02	3.20709869e-03
7.13476121e-01	1.55038321e-02	3.22117028e-03
7.13937163e-01	1.36639290e-02	3.22512724e-03
7.14398205e-01	1.49328178e-02	3.25290556e-03
7.14859247e-01	1.33017777e-02	3.25402245e-03
7.15320349e-01	1.38049237e-02	3.27894255e-03
7.15781391e-01	1.31371701e-02	3.28622875e-03
7.16242433e-01	1.51874265e-02	3.32919671e-03
7.16703475e-01	1.38332201e-02	3.33062443e-03
7.17164516e-01	1.30504286e-02	3.33900377e-03
7.17625618e-01	1.21197924e-02	3.36101954e-03
7.18086660e-01	1.37936659e-02	3.38787166e-03
7.18547702e-01	1.46633685e-02	3.42239439e-03
7.19008744e-01	1.40081635e-02	3.42189847e-03
7.19469786e-01	1.41865266e-02	3.44881415e-03
7.19930887e-01	1.30772134e-02	3.46065685e-03
7.20391929e-01	1.29642328e-02	3.47637245e-03
7.20852971e-01	1.41915893e-02	3.51462862e-03
7.21314013e-01	1.42610120e-02	3.52698145e-03
7.21775115e-01	1.41857630e-02	3.54965357e-03
7.22236156e-01	1.42493499e-02	3.57768079e-03
7.22697198e-01	1.39581887e-02	3.59449303e-03
7.23158240e-01	1.41487950e-02	3.62513540e-03
7.23619282e-01	1.25539638e-02	3.62630258e-03
7.24080384e-01	1.12940306e-02	3.64483846e-03
7.24541426e-01	1.36279082e-02	3.68951331e-03
7.25002468e-01	1.49359787e-02	3.71710258e-03
7.25463510e-01	1.44391730e-02	3.75105673e-03
7.25924551e-01	1.46687469e-02	3.77735449e-03
7.26385653e-01	1.29723065e-02	3.78813408e-03
7.26846695e-01	1.35809658e-02	3.82129988e-03
7.27307737e-01	1.31217418e-02	3.83597962e-03
7.27768779e-01	1.34875523e-02	3.88316065e-03
7.28229821e-01	1.18572144e-02	3.87635268e-03
7.28690922e-01	1.31988870e-02	3.92584922e-03
7.29151964e-01	1.44447824e-02	3.96902254e-03
7.29613006e-01	1.35747464e-02	3.98362335e-03
7.30074048e-01	1.27028069e-02	4.01552813e-03
7.30535090e-01	1.42012499e-02	4.05311259e-03
7.30996192e-01	1.27538750e-02	4.07932885e-03
7.31457233e-01	1.29032321e-02	4.11541527e-03
7.31918275e-01	1.33666173e-02	4.13823547e-03
7.32379317e-01	1.27045028e-02	4.17924626e-03
7.32840419e-01	1.08013162e-02	4.18340415e-03
7.33301461e-01	1.24759013e-02	4.25475743e-03
7.33762503e-01	1.24795670e-02	4.27462626e-03
7.34223545e-01	1.39617482e-02	4.33909241e-03
7.34684587e-01	1.31116984e-02	4.37809061e-03
7.35145688e-01	1.30741149e-02	4.40362515e-03
7.35606730e-01	1.43811777e-02	4.47633630e-03
7.36067772e-01	1.47242099e-02	4.51562926e-03
7.36528814e-01	1.37931621e-02	4.53983387e-03
7.36989856e-01	1.36868162e-02	4.59522475e-03
7.37450957e-01	1.21258833e-02	4.61726729e-03
7.37911999e-01	1.21959085e-02	4.68166498e-03
7.38373041e-01	1.17345573e-02	4.71479911e-03
7.38834083e-01	1.24178259e-02	4.77397209e-03
7.39295125e-01	1.27077950e-02	4.84547997e-03
7.39756227e-01	1.13626039e-02	4.86297859e-03
7.40217268e-01	1.42765790e-02	4.97536641e-03
7.40678310e-01	1.21577950e-02	4.99260426e-03
7.41139352e-01	1.26000242e-02	5.06067602e-03
7.41600454e-01	1.21242115e-02	5.12518967e-03
7.42061496e-01	1.32707609e-02	5.18099964e-03
7.42522538e-01	1.24185905e-02	5.25861327e-03
7.42983580e-01	1.46900266e-02	5.33300545e-03
7.43444622e-01	1.43765816e-02	5.41637745e-03
7.43905723e-01	1.40523836e-02	5.51623618e-03
7.44366765e-01	1.02371955e-02	5.50323771e-03
7.44827807e-01	1.30697563e-02	5.66783268e-03
7.45288849e-01	1.43703222e-02	5.73817221e-03
7.45749891e-01	1.19058443e-02	5.79091208e-03
7.46210992e-01	1.41473701e-02	5.92759019e-03
7.46672034e-01	1.24153746e-02	5.98752592e-03
7.47133076e-01	1.33659327e-02	6.16862485e-03
7.47594118e-01	1.43098468e-02	6.24890160e-03
7.48055160e-01	1.29663609e-02	6.37758989e-03
7.48516262e-01	1.10549731e-02	6.46156725e-03
7.48977304e-01	1.35756759e-02	6.61482988e-03
7.49438345e-01	1.30336210e-02	6.79144356e-03
7.49899387e-01	1.26389153e-02	6.89083943e-03
7.50360489e-01	1.37235969e-02	7.09801912e-03
7.50821531e-01	1.38219865e-02	7.23544555e-03
7.51282573e-01	1.61753837e-02	7.45339319e-03
7.51743615e-01	1.23325996e-02	7.67508475e-03
7.52204657e-01	1.34278992e-02	7.84579851e-03
7.52665758e-01	1.10120727e-02	8.05794541e-03
7.53126800e-01	1.61076058e-02	8.46640486e-03
7.53587842e-01	1.22058103e-02	8.59619025e-03
7.54048884e-01	1.05924932e-02	8.95009469e-03
7.54509926e-01	9.31048486e-03	9.20090824e-03
7.54971027e-01	1.52897090e-02	9.83385462e-03
7.55432069e-01	1.59000717e-02	1.02159483e-02
7.55893111e-01	1.82845462e-02	1.07719162e-02
7.56354153e-01	1.32794464e-02	1.13772545e-02
7.56815195e-01	1.65835693e-02	1.21558523e-02
7.57276297e-01	1.26736909e-02	1.30455196e-02
7.57737339e-01	1.35005089e-02	1.41160861e-02
7.58198380e-01	1.66014899e-02	1.56750344e-02
7.58659422e-01	2.18477324e-02	1.84735674e-02
7.59120464e-01	1.67329758e-02	2.14695204e-02
7.59581566e-01	1.56714488e-02	2.80576795e-02
7.60042608e-01	5.06865084e-02	5.46664037e-02
